Mon May  3 18:10:08 2021
 3747128283.000000 0.123260 0.082171 0.000997 0.460599 -0.233109 -0.768694 0.000000 0.000000 3000.000000 0.000000 0.000000 992.000000 0.000000 0.000000 0.000000 3000.000000 0.000000 0.000000 0.000000 0.000000 94.223610 30.138929 28.267084 9.041679 -0.188144 
3747228776.000000 0.227687 0.150341 0.000596 0.264859 -0.125726 -1.040566 0.000000 0.000000 3000.000000 0.000000 0.000000 992.000000 0.000000 0.000000 0.000000 3000.000000 0.000000 0.000000 0.000000 0.000000 94.205437 30.138929 48.048592 15.370855 -0.188144 
3747328657.000000 0.317280 0.214512 -0.000307 0.428807 -0.398944 -0.897747 0.000000 0.000000 3000.000000 0.000000 0.000000 992.000000 0.000000 0.000000 0.000000 3000.000000 0.000000 0.000000 0.000000 0.000000 94.205437 30.138929 61.895645 19.801277 -0.188144 
3747429156.000000 0.398644 0.273687 -0.001374 0.343507 -0.120610 -0.823166 0.000000 0.000000 3000.000000 0.000000 0.000000 992.000000 0.000000 0.000000 0.000000 3000.000000 0.000000 0.000000 0.000000 0.000000 94.205437 30.138929 71.588585 22.902573 -0.188144 
3747552307.000000 0.488790 0.335557 -0.000336 0.223761 -0.196981 -0.737353 0.000000 0.000000 3000.000000 0.000000 0.000000 992.000000 0.000000 0.000000 0.000000 3000.000000 0.000000 0.000000 0.000000 0.000000 94.205437 30.138929 78.373642 25.073481 -0.188144 
3747652279.000000 0.559869 0.378372 0.000037 0.244985 -0.186338 -1.039459 0.000000 0.000000 3000.000000 0.000000 0.000000 992.000000 0.000000 0.000000 0.000000 3000.000000 0.000000 0.000000 0.000000 0.000000 94.205437 30.138929 83.123184 26.593115 -0.188144 
3747752847.000000 0.621232 0.423242 -0.001256 0.175134 -0.201231 -0.794951 0.000000 0.000000 3000.000000 0.000000 0.000000 992.000000 0.000000 0.000000 0.000000 3000.000000 0.000000 0.000000 0.000000 0.000000 94.205437 30.138929 86.447861 27.656860 -0.188144 
3747853540.000000 0.676662 0.460438 -0.000716 0.336845 -0.248306 -0.931487 0.000000 0.000000 3000.000000 0.000000 0.000000 992.000000 0.000000 0.000000 0.000000 3000.000000 0.000000 0.000000 0.000000 0.000000 94.205437 30.138929 88.775131 28.401482 -0.188144 
3747953960.000000 0.725078 0.521223 -0.094206 0.285574 0.331130 -4.531649 0.000000 0.000000 3000.000000 0.000000 0.000000 992.000000 0.000000 0.000000 0.000000 3000.000000 0.000000 0.000000 0.000000 0.000000 94.223610 30.138929 90.409676 28.922716 -0.188144 
3748062823.000000 0.760282 0.555652 -0.113699 0.207493 -0.267301 -0.807445 0.000000 0.000000 3000.000000 0.000000 0.000000 992.000000 0.000000 0.000000 0.000000 3000.000000 0.000000 0.000000 0.000000 0.000000 94.205437 30.138929 91.548409 29.287580 -1.671177 
3748162858.000000 0.810292 0.588606 -0.116281 1.050132 0.619452 -0.812410 0.000000 0.000000 3000.000000 0.000000 0.000000 992.000000 0.000000 0.000000 0.000000 3000.000000 0.000000 0.000000 0.000000 0.000000 94.223610 30.138929 92.350967 29.542986 -1.671177 
3748262842.000000 0.908632 0.577546 -0.100097 0.795867 -0.002118 1.411266 0.000000 0.000000 3000.000000 0.000000 0.000000 992.000000 0.000000 0.000000 0.000000 3000.000000 0.000000 0.000000 0.000000 0.000000 94.205437 30.138929 92.907310 29.721769 -1.671177 
3748363478.000000 1.036539 0.442985 0.909039 -0.074594 -9.853143 11.360565 0.000000 0.000000 3000.000000 0.000000 0.000000 992.000000 0.000000 0.000000 0.000000 3000.000000 0.000000 0.000000 0.000000 0.000000 94.205437 30.138929 93.296753 29.846918 -1.671177 
3748463724.000000 2.238959 -3.084012 1.215852 22.671370 -47.303707 4.307624 0.000000 0.000000 3000.000000 0.000000 0.000000 992.000000 0.000000 0.000000 0.000000 3000.000000 0.000000 0.000000 0.000000 0.000000 94.223610 30.138929 93.574806 29.934523 -1.671177 
3748581790.000000 3.846882 -11.527758 1.660426 -1.934920 -70.626190 2.108556 0.000000 0.000000 3000.000000 0.000000 0.000000 992.000000 0.000000 0.000000 0.000000 3000.000000 0.000000 0.000000 0.000000 0.000000 94.205437 30.138929 93.764000 29.995846 -1.671177 
3748682365.000000 4.313950 -21.022577 1.774008 18.519970 -112.512230 3.008402 0.000000 0.000000 3000.000000 0.000000 0.000000 992.000000 0.000000 0.000000 0.000000 3000.000000 0.000000 0.000000 0.000000 0.000000 94.187653 30.138929 93.891090 30.038771 -1.671177 
3748782267.000000 5.285824 -32.424793 3.556306 28.714828 -143.493103 16.031382 0.000000 0.000000 3000.000000 0.000000 0.000000 992.000000 0.000000 0.000000 0.000000 3000.000000 0.000000 0.000000 0.000000 0.000000 94.169472 30.138929 93.974609 30.068819 -1.671177 
3748882876.000000 5.236353 -46.322117 6.684984 8.422907 -139.053223 23.810455 0.000000 0.000000 3000.000000 0.000000 0.000000 992.000000 0.000000 0.000000 0.000000 3000.000000 0.000000 0.000000 0.000000 0.000000 94.187653 30.138929 94.038521 30.089853 -1.671177 
3748983483.000000 3.288757 -59.869198 7.794172 -6.293923 -125.575478 20.024139 0.000000 0.000000 3000.000000 0.000000 0.000000 992.000000 0.000000 0.000000 0.000000 3000.000000 0.000000 0.000000 0.000000 0.000000 94.187653 30.138929 94.083260 30.104576 -1.671177 
3749083831.000000 0.771190 -72.276535 7.406479 3.401187 -130.902756 9.163305 0.000000 0.000000 3000.000000 0.000000 0.000000 992.000000 0.000000 0.000000 0.000000 3000.000000 0.000000 0.000000 0.000000 0.000000 94.205437 30.138929 94.119919 30.114882 -1.890802 
3749184464.000000 1.473820 -83.248871 6.500237 7.926722 -99.686974 -7.370064 0.000000 0.000000 3000.000000 0.000000 0.000000 992.000000 0.000000 0.000000 0.000000 3000.000000 0.000000 0.000000 0.000000 0.000000 94.169472 30.138929 94.134781 30.122097 -1.890802 
3749284835.000000 1.141200 -90.612167 6.348012 -1.234666 -49.016811 3.791349 0.000000 0.000000 3000.000000 0.000000 0.000000 992.000000 0.000000 0.000000 0.000000 3000.000000 0.000000 0.000000 0.000000 0.000000 94.169472 30.138929 94.145187 30.127148 -1.890802 
3749384897.000000 0.826101 -95.883362 5.771581 -2.826888 -40.190884 1.701672 0.000000 0.000000 3000.000000 0.000000 0.000000 992.000000 0.000000 0.000000 0.000000 3000.000000 0.000000 0.000000 0.000000 0.000000 94.187653 30.138929 94.157921 30.130682 -1.890802 
3749485284.000000 0.840946 -98.293762 5.599616 -4.009267 -12.553356 -13.280929 0.000000 0.000000 3000.000000 0.000000 0.000000 992.000000 0.000000 0.000000 0.000000 3000.000000 0.000000 0.000000 0.000000 0.000000 94.187653 30.138929 94.166840 30.133156 -1.890802 
3749585378.000000 1.871138 -99.113968 5.439172 -1.856847 4.127922 -4.404558 0.000000 0.000000 3000.000000 0.000000 0.000000 992.000000 0.000000 0.000000 0.000000 3000.000000 0.000000 0.000000 0.000000 0.000000 94.187653 30.138929 94.173080 30.134888 -1.890802 
3749685513.000000 1.637047 -98.124680 5.649633 12.258346 29.900837 2.651629 0.000000 0.000000 3000.000000 0.000000 0.000000 992.000000 0.000000 0.000000 0.000000 3000.000000 0.000000 0.000000 0.000000 0.000000 94.205437 30.138929 94.182793 30.136101 -1.890802 
3749785627.000000 0.585005 -93.423027 5.467979 8.182658 55.749290 4.659720 0.000000 0.000000 3000.000000 0.000000 0.000000 992.000000 0.000000 0.000000 0.000000 3000.000000 0.000000 0.000000 0.000000 0.000000 94.205437 30.138929 94.189590 30.136950 -1.890802 
3749885948.000000 -0.306395 -85.793663 4.031219 -60.247658 172.344177 19.361269 0.000000 0.000000 3000.000000 0.000000 0.000000 992.000000 0.000000 0.000000 0.000000 3000.000000 0.000000 0.000000 0.000000 0.000000 94.205437 30.138929 94.194344 30.137545 -1.890802 
3749986364.000000 -2.039358 -74.015663 2.900201 1.159874 112.216560 7.239742 0.000000 0.000000 3000.000000 0.000000 0.000000 992.000000 0.000000 0.000000 0.000000 3000.000000 0.000000 0.000000 0.000000 0.000000 94.205437 30.138929 94.197678 30.137960 -1.890802 
3750086663.000000 -1.592788 -61.253811 3.106945 7.527989 117.682159 -8.582710 0.000000 0.000000 3000.000000 0.000000 0.000000 992.000000 0.000000 0.000000 0.000000 3000.000000 0.000000 0.000000 0.000000 0.000000 94.205437 30.138929 94.200005 30.138252 -2.187980 
3750187188.000000 -0.662345 -48.228825 3.653634 16.508907 132.151489 -16.318665 0.000000 0.000000 3000.000000 0.000000 0.000000 992.000000 0.000000 0.000000 0.000000 3000.000000 0.000000 0.000000 0.000000 0.000000 94.187653 30.138929 94.196297 30.138456 -2.187980 
3750287787.000000 -0.648806 -35.483753 3.355092 -8.430660 95.019066 0.917496 0.000000 0.000000 3000.000000 0.000000 0.000000 992.000000 0.000000 0.000000 0.000000 3000.000000 0.000000 0.000000 0.000000 0.000000 94.187653 30.138929 94.193703 30.138599 -2.187980 
3750387971.000000 -1.829009 -23.103506 2.937419 -20.551352 142.606369 15.907207 0.000000 0.000000 3000.000000 0.000000 0.000000 992.000000 0.000000 0.000000 0.000000 3000.000000 0.000000 0.000000 0.000000 0.000000 94.205437 30.138929 94.197227 30.138699 -2.187980 
3750488541.000000 -1.531906 -9.596325 4.608201 9.818389 140.243362 42.902100 0.000000 0.000000 3000.000000 0.000000 0.000000 992.000000 0.000000 0.000000 0.000000 3000.000000 0.000000 0.000000 0.000000 0.000000 94.169472 30.138929 94.188904 30.138767 -2.187980 
3750588767.000000 -2.651367 1.958804 6.960338 -15.323804 98.072800 4.274481 0.000000 0.000000 3000.000000 0.000000 0.000000 992.000000 0.000000 0.000000 0.000000 3000.000000 0.000000 0.000000 0.000000 0.000000 94.205437 30.138929 94.193863 30.138817 -2.187980 
3750689240.000000 -3.932487 15.091342 9.234666 -6.873646 118.512230 25.055397 0.000000 0.000000 3000.000000 0.000000 0.000000 992.000000 0.000000 0.000000 0.000000 3000.000000 0.000000 0.000000 0.000000 0.000000 94.205437 30.138929 94.197334 30.138851 -2.187980 
3750789832.000000 -4.434809 27.006418 12.486330 -13.090517 114.798409 38.333164 0.000000 0.000000 3000.000000 0.000000 0.000000 992.000000 0.000000 0.000000 0.000000 3000.000000 0.000000 0.000000 0.000000 0.000000 94.205437 30.138929 94.199768 30.138874 -2.187980 
3750890071.000000 -3.263180 37.986778 16.022596 -2.539965 111.556465 35.815708 0.000000 0.000000 3000.000000 0.000000 0.000000 992.000000 0.000000 0.000000 0.000000 3000.000000 0.000000 0.000000 0.000000 0.000000 94.205437 30.138929 94.201469 30.138891 -2.187980 
3750990443.000000 -0.243169 49.375813 20.448938 -13.851225 131.828293 37.359528 0.000000 0.000000 3000.000000 0.000000 0.000000 992.000000 0.000000 0.000000 0.000000 3000.000000 0.000000 0.000000 0.000000 0.000000 94.205437 30.138929 94.202660 30.138903 -2.187980 
3751090380.000000 2.059974 61.485439 24.029047 -2.440924 103.392006 -6.847865 0.000000 0.000000 3000.000000 0.000000 0.000000 992.000000 0.000000 0.000000 0.000000 3000.000000 0.000000 0.000000 0.000000 0.000000 94.205437 30.138929 94.203499 30.138910 -0.893035 
3751190976.000000 0.490652 72.966240 24.173811 -1.830233 100.966446 -15.331376 0.000000 0.000000 3000.000000 0.000000 0.000000 992.000000 0.000000 0.000000 0.000000 3000.000000 0.000000 0.000000 0.000000 0.000000 94.205437 30.138929 94.204086 30.138916 -0.893035 
3751291137.000000 0.047833 80.058846 23.709427 7.336159 31.803007 7.918432 0.000000 0.000000 3000.000000 0.000000 0.000000 992.000000 0.000000 0.000000 0.000000 3000.000000 0.000000 0.000000 0.000000 0.000000 94.205437 30.138929 94.204491 30.138920 -0.893035 
3751391478.000000 1.024953 84.192680 24.033463 -4.975489 40.819839 -1.319722 0.000000 0.000000 3000.000000 0.000000 0.000000 992.000000 0.000000 0.000000 0.000000 3000.000000 0.000000 0.000000 0.000000 0.000000 94.205437 30.138929 94.204781 30.138924 -0.893035 
3751491968.000000 1.167494 86.846657 23.868902 7.094169 17.378641 -8.162066 0.000000 0.000000 3000.000000 0.000000 0.000000 992.000000 0.000000 0.000000 0.000000 3000.000000 0.000000 0.000000 0.000000 0.000000 94.205437 30.138929 94.204979 30.138926 -0.893035 
3751592273.000000 0.811828 89.143257 23.454962 3.733720 22.176250 -5.350555 0.000000 0.000000 3000.000000 0.000000 0.000000 992.000000 0.000000 0.000000 0.000000 3000.000000 0.000000 0.000000 0.000000 0.000000 94.205437 30.138929 94.205116 30.138927 -0.893035 
3751692585.000000 1.146733 90.264801 23.640232 3.320268 -5.345214 5.999992 0.000000 0.000000 3000.000000 0.000000 0.000000 992.000000 0.000000 0.000000 0.000000 3000.000000 0.000000 0.000000 0.000000 0.000000 94.205437 30.138929 94.205215 30.138927 -0.893035 
3751792830.000000 0.814229 88.419006 23.231792 -0.544705 -41.472813 2.818995 0.000000 0.000000 3000.000000 0.000000 0.000000 992.000000 0.000000 0.000000 0.000000 3000.000000 0.000000 0.000000 0.000000 0.000000 94.205437 30.138929 94.205284 30.138927 -0.893035 
3751893124.000000 0.404511 82.474121 22.756193 -2.846116 -73.230339 -10.367844 0.000000 0.000000 3000.000000 0.000000 0.000000 992.000000 0.000000 0.000000 0.000000 3000.000000 0.000000 0.000000 0.000000 0.000000 94.205437 30.138929 94.205330 30.138927 -0.893035 
3751993219.000000 -0.281561 73.785240 24.296761 -7.033228 -121.604393 -3.542951 0.000000 0.000000 3000.000000 0.000000 0.000000 992.000000 0.000000 0.000000 0.000000 3000.000000 0.000000 0.000000 0.000000 0.000000 94.205437 30.138929 94.205368 30.138927 -0.893035 
3752093541.000000 -1.591143 61.417320 26.767572 -30.452303 -129.861710 -12.808873 0.000000 0.000000 3000.000000 0.000000 0.000000 992.000000 0.000000 0.000000 0.000000 3000.000000 0.000000 0.000000 0.000000 0.000000 94.205437 30.138929 94.205391 30.138927 -1.129454 
3752193644.000000 -2.480290 49.469887 26.478062 -11.139654 -112.613899 -11.072826 0.000000 0.000000 3000.000000 0.000000 0.000000 992.000000 0.000000 0.000000 0.000000 3000.000000 0.000000 0.000000 0.000000 0.000000 94.205437 30.138929 94.205406 30.138927 -1.129454 
3752293823.000000 -1.708433 38.325573 24.921743 19.026789 -94.394096 21.872458 0.000000 0.000000 3000.000000 0.000000 0.000000 992.000000 0.000000 0.000000 0.000000 3000.000000 0.000000 0.000000 0.000000 0.000000 94.205437 30.138929 94.205421 30.138927 -1.129454 
3752394376.000000 1.138110 26.459906 24.369419 34.448517 -104.200844 -11.129854 0.000000 0.000000 3000.000000 0.000000 0.000000 992.000000 0.000000 0.000000 0.000000 3000.000000 0.000000 0.000000 0.000000 0.000000 94.187653 30.138929 94.200089 30.138927 -1.129454 
3752494823.000000 4.650677 15.033539 23.306694 34.110634 -85.231972 15.532481 0.000000 0.000000 3000.000000 0.000000 0.000000 992.000000 0.000000 0.000000 0.000000 3000.000000 0.000000 0.000000 0.000000 0.000000 94.151291 30.138929 94.185455 30.138927 -1.129454 
3752594864.000000 7.663325 9.162108 23.683397 24.403200 -44.009777 17.593550 0.000000 0.000000 3000.000000 0.000000 0.000000 992.000000 0.000000 0.000000 0.000000 3000.000000 0.000000 0.000000 0.000000 0.000000 93.988663 30.138929 94.126419 30.138927 -1.129454 
3752695208.000000 8.908707 3.614705 25.167564 0.737845 15.794143 -9.076571 0.000000 0.000000 3000.000000 0.000000 0.000000 992.000000 0.000000 0.000000 0.000000 3000.000000 0.000000 0.000000 0.000000 0.000000 93.970444 30.138929 94.079620 30.138927 -1.129454 
3752795734.000000 11.165164 1.301837 24.808802 -1.076503 -20.117495 -10.200088 0.000000 0.000000 3000.000000 0.000000 0.000000 992.000000 0.000000 0.000000 0.000000 3000.000000 0.000000 0.000000 0.000000 0.000000 94.042908 30.138929 94.068611 30.138927 -1.129454 
3752896086.000000 10.010014 0.470923 24.701252 -6.601973 -21.212400 8.996072 0.000000 0.000000 3000.000000 0.000000 0.000000 992.000000 0.000000 0.000000 0.000000 3000.000000 0.000000 0.000000 0.000000 0.000000 94.097115 30.138929 94.077164 30.138927 -1.129454 
3752996483.000000 9.909226 0.567251 24.612829 -1.716858 3.124240 -1.795030 0.000000 0.000000 3000.000000 0.000000 0.000000 992.000000 0.000000 0.000000 0.000000 3000.000000 0.000000 0.000000 0.000000 0.000000 94.115303 30.138929 94.088608 30.138927 -1.129454 
3753096658.000000 7.987927 -0.821902 22.955603 -3.376626 -6.485546 -32.367222 0.000000 0.000000 3000.000000 0.000000 0.000000 992.000000 0.000000 0.000000 0.000000 3000.000000 0.000000 0.000000 0.000000 0.000000 94.169472 30.138929 94.112869 30.138927 -0.972202 
3753197282.000000 8.517488 0.111783 21.596029 -17.174574 -1.726807 -15.375423 0.000000 0.000000 3000.000000 0.000000 0.000000 992.000000 0.000000 0.000000 0.000000 3000.000000 0.000000 0.000000 0.000000 0.000000 94.169472 30.138929 94.129852 30.138927 -0.972202 
3753297689.000000 4.683331 -0.129024 20.087685 -20.060770 -34.722912 -7.591150 0.000000 0.000000 3000.000000 0.000000 0.000000 992.000000 0.000000 0.000000 0.000000 3000.000000 0.000000 0.000000 0.000000 0.000000 94.133102 30.138929 94.130821 30.138927 -0.972202 
3753397669.000000 4.027912 -0.886465 18.621296 -31.942341 -6.229411 -16.214712 0.000000 0.000000 3000.000000 0.000000 0.000000 992.000000 0.000000 0.000000 0.000000 3000.000000 0.000000 0.000000 0.000000 0.000000 94.151291 30.138929 94.136963 30.138927 -0.972202 
3753498234.000000 3.425994 -3.934010 17.454578 20.242689 -73.686623 -2.483207 0.000000 0.000000 3000.000000 0.000000 0.000000 992.000000 0.000000 0.000000 0.000000 3000.000000 0.000000 0.000000 0.000000 0.000000 94.187653 30.138929 94.152168 30.138927 -0.972202 
3753598623.000000 3.076082 -15.142613 17.668018 -35.053711 -102.885452 6.373295 0.000000 0.000000 3000.000000 0.000000 0.000000 992.000000 0.000000 0.000000 0.000000 3000.000000 0.000000 0.000000 0.000000 0.000000 94.097115 30.080832 94.135651 30.121498 -0.972202 
3753698833.000000 2.770690 -27.332760 16.973726 13.786814 -128.173889 0.848918 0.000000 0.000000 3000.000000 0.000000 0.000000 992.000000 0.000000 0.000000 0.000000 3000.000000 0.000000 0.000000 0.000000 0.000000 94.205437 30.138929 94.156586 30.126728 -0.972202 
3753799192.000000 3.022168 -36.603222 17.242636 -13.365663 -52.884598 1.096336 0.000000 0.000000 3000.000000 0.000000 0.000000 992.000000 0.000000 0.000000 0.000000 3000.000000 0.000000 0.000000 0.000000 0.000000 94.169472 30.138929 94.160446 30.130388 -0.972202 
3753899444.000000 2.637594 -43.959091 16.415424 -4.594896 -64.184174 -1.445117 0.000000 0.000000 3000.000000 0.000000 0.000000 992.000000 0.000000 0.000000 0.000000 3000.000000 0.000000 0.000000 0.000000 0.000000 94.187653 30.080832 94.168602 30.115522 -0.972202 
3754000054.000000 1.807513 -51.308296 16.469791 -6.902386 -69.623062 12.435399 0.000000 0.000000 3000.000000 0.000000 0.000000 992.000000 0.000000 0.000000 0.000000 3000.000000 0.000000 0.000000 0.000000 0.000000 94.187653 30.138929 94.174316 30.122545 -0.972202 
3754100653.000000 0.572656 -58.924015 16.380032 -9.044613 -88.410416 10.736321 0.000000 0.000000 3000.000000 0.000000 0.000000 992.000000 0.000000 0.000000 0.000000 3000.000000 0.000000 0.000000 0.000000 0.000000 94.205437 30.138929 94.183655 30.127460 -3.063292 
3754200988.000000 -0.639051 -68.053032 15.280603 -3.236831 -79.293198 -4.777871 0.000000 0.000000 3000.000000 0.000000 0.000000 992.000000 0.000000 0.000000 0.000000 3000.000000 0.000000 0.000000 0.000000 0.000000 94.187653 30.138929 94.184853 30.130901 -3.063292 
3754301616.000000 0.091835 -76.061729 14.302165 -7.509449 -59.482651 -3.730173 0.000000 0.000000 3000.000000 0.000000 0.000000 992.000000 0.000000 0.000000 0.000000 3000.000000 0.000000 0.000000 0.000000 0.000000 94.187653 30.138929 94.185692 30.133310 -3.063292 
3754402095.000000 -0.851616 -81.819725 13.886479 -10.214313 -50.909561 6.622017 0.000000 0.000000 3000.000000 0.000000 0.000000 992.000000 0.000000 0.000000 0.000000 3000.000000 0.000000 0.000000 0.000000 0.000000 94.187653 30.138929 94.186279 30.134996 -3.063292 
3754502271.000000 -1.073444 -85.052422 14.350916 -1.208208 -30.023762 0.069874 0.000000 0.000000 3000.000000 0.000000 0.000000 992.000000 0.000000 0.000000 0.000000 3000.000000 0.000000 0.000000 0.000000 0.000000 94.169472 30.138929 94.181244 30.136177 -3.063292 
3754602580.000000 -0.905155 -88.657997 14.215581 -1.697169 -22.990295 1.673287 0.000000 0.000000 3000.000000 0.000000 0.000000 992.000000 0.000000 0.000000 0.000000 3000.000000 0.000000 0.000000 0.000000 0.000000 94.187653 30.138929 94.183167 30.137003 -3.063292 
3754703018.000000 -1.996788 -88.916473 14.537526 5.729048 17.207708 10.661993 0.000000 0.000000 3000.000000 0.000000 0.000000 992.000000 0.000000 0.000000 0.000000 3000.000000 0.000000 0.000000 0.000000 0.000000 94.187653 30.138929 94.184509 30.137581 -3.063292 
3754803115.000000 -1.942172 -87.810303 14.993560 8.321884 20.974316 -11.415980 0.000000 0.000000 3000.000000 0.000000 0.000000 992.000000 0.000000 0.000000 0.000000 3000.000000 0.000000 0.000000 0.000000 0.000000 94.205437 30.138929 94.190788 30.137985 -3.063292 
3754903533.000000 -0.818147 -86.341370 15.392812 12.881370 24.379791 -17.538389 0.000000 0.000000 3000.000000 0.000000 0.000000 992.000000 0.000000 0.000000 0.000000 3000.000000 0.000000 0.000000 0.000000 0.000000 94.205437 30.138929 94.195183 30.138269 -3.063292 
3755004123.000000 0.359058 -79.142860 15.881462 -16.217766 106.471657 -7.184657 0.000000 0.000000 3000.000000 0.000000 0.000000 992.000000 0.000000 0.000000 0.000000 3000.000000 0.000000 0.000000 0.000000 0.000000 94.169472 30.138929 94.187469 30.138468 -3.063292 
3755104748.000000 1.401510 -66.225639 13.749064 -29.366110 131.974319 11.691477 0.000000 0.000000 3000.000000 0.000000 0.000000 992.000000 0.000000 0.000000 0.000000 3000.000000 0.000000 0.000000 0.000000 0.000000 94.187653 30.138929 94.187523 30.138607 -2.402734 
3755205337.000000 1.111271 -54.777103 12.986525 15.125384 113.921974 -3.510927 0.000000 0.000000 3000.000000 0.000000 0.000000 992.000000 0.000000 0.000000 0.000000 3000.000000 0.000000 0.000000 0.000000 0.000000 94.205437 30.138929 94.192902 30.138704 -2.402734 
3755305792.000000 0.817645 -42.232475 14.027983 11.553099 113.114510 7.255819 0.000000 0.000000 3000.000000 0.000000 0.000000 992.000000 0.000000 0.000000 0.000000 3000.000000 0.000000 0.000000 0.000000 0.000000 94.187653 30.138929 94.191322 30.138773 -2.402734 
3755406053.000000 1.424119 -30.570478 15.089944 23.843273 93.968681 -6.650428 0.000000 0.000000 3000.000000 0.000000 0.000000 992.000000 0.000000 0.000000 0.000000 3000.000000 0.000000 0.000000 0.000000 0.000000 94.205437 30.138929 94.195557 30.138821 -2.402734 
3755506299.000000 1.049807 -20.330893 16.368933 4.005796 72.372780 5.528837 0.000000 0.000000 3000.000000 0.000000 0.000000 992.000000 0.000000 0.000000 0.000000 3000.000000 0.000000 0.000000 0.000000 0.000000 94.223610 30.138929 94.203972 30.138853 -2.402734 
3755606282.000000 1.344259 -12.161356 16.346325 11.724649 64.246239 -3.111504 0.000000 0.000000 3000.000000 0.000000 0.000000 992.000000 0.000000 0.000000 0.000000 3000.000000 0.000000 0.000000 0.000000 0.000000 94.205437 30.138929 94.204414 30.138876 -2.402734 
3755706722.000000 0.688530 -3.423455 17.625116 -1.945290 76.583672 1.027030 0.000000 0.000000 3000.000000 0.000000 0.000000 992.000000 0.000000 0.000000 0.000000 3000.000000 0.000000 0.000000 0.000000 0.000000 94.187653 30.138929 94.199387 30.138893 -2.402734 
3755806620.000000 1.331907 6.005592 18.607471 1.535763 88.781296 5.706763 0.000000 0.000000 3000.000000 0.000000 0.000000 992.000000 0.000000 0.000000 0.000000 3000.000000 0.000000 0.000000 0.000000 0.000000 94.205437 30.138929 94.201202 30.138905 -2.402734 
3755906832.000000 -0.176716 15.115275 19.490557 -39.017090 89.452057 10.622690 0.000000 0.000000 3000.000000 0.000000 0.000000 992.000000 0.000000 0.000000 0.000000 3000.000000 0.000000 0.000000 0.000000 0.000000 94.205437 30.138929 94.202477 30.138912 -2.402734 
3756007280.000000 -1.636721 22.595911 20.298946 -2.509947 76.587090 12.609746 0.000000 0.000000 3000.000000 0.000000 0.000000 992.000000 0.000000 0.000000 0.000000 3000.000000 0.000000 0.000000 0.000000 0.000000 94.205437 30.138929 94.203369 30.138918 -2.402734 
3756107176.000000 -1.431365 29.688431 21.201424 -9.329548 81.478889 12.244145 0.000000 0.000000 3000.000000 0.000000 0.000000 992.000000 0.000000 0.000000 0.000000 3000.000000 0.000000 0.000000 0.000000 0.000000 94.205437 30.138929 94.203995 30.138922 -1.049744 
3756207618.000000 -0.723061 38.551975 22.792631 2.034370 93.363647 15.636852 0.000000 0.000000 3000.000000 0.000000 0.000000 992.000000 0.000000 0.000000 0.000000 3000.000000 0.000000 0.000000 0.000000 0.000000 94.205437 30.138929 94.204430 30.138924 -1.049744 
3756307630.000000 0.701929 48.317486 25.415060 -11.205492 84.569496 47.530560 0.000000 0.000000 3000.000000 0.000000 0.000000 992.000000 0.000000 0.000000 0.000000 3000.000000 0.000000 0.000000 0.000000 0.000000 94.205437 30.138929 94.204735 30.138926 -1.049744 
3756408192.000000 2.597177 57.528622 28.071630 -9.185955 85.304199 30.224844 0.000000 0.000000 3000.000000 0.000000 0.000000 992.000000 0.000000 0.000000 0.000000 3000.000000 0.000000 0.000000 0.000000 0.000000 94.205437 30.138929 94.204948 30.138927 -1.049744 
3756508650.000000 3.345693 65.123428 29.345413 -6.856745 66.603432 9.685564 0.000000 0.000000 3000.000000 0.000000 0.000000 992.000000 0.000000 0.000000 0.000000 3000.000000 0.000000 0.000000 0.000000 0.000000 94.205437 30.138929 94.205101 30.138927 -1.049744 
3756609204.000000 3.699761 71.893951 29.760033 1.022410 63.732269 4.103656 0.000000 0.000000 3000.000000 0.000000 0.000000 992.000000 0.000000 0.000000 0.000000 3000.000000 0.000000 0.000000 0.000000 0.000000 94.205437 30.138929 94.205208 30.138927 -1.049744 
3756709266.000000 3.717528 77.954819 30.089039 -7.978086 62.679447 -9.154616 0.000000 0.000000 3000.000000 0.000000 0.000000 992.000000 0.000000 0.000000 0.000000 3000.000000 0.000000 0.000000 0.000000 0.000000 94.205437 30.138929 94.205276 30.138927 -1.049744 
3756809778.000000 3.368115 85.537422 30.502375 6.114580 58.770893 -0.102305 0.000000 0.000000 3000.000000 0.000000 0.000000 992.000000 0.000000 0.000000 0.000000 3000.000000 0.000000 0.000000 0.000000 0.000000 94.205437 30.138929 94.205330 30.138927 -1.049744 
3756910044.000000 3.519142 89.460571 30.808384 -1.963899 23.218861 -2.309234 0.000000 0.000000 3000.000000 0.000000 0.000000 992.000000 0.000000 0.000000 0.000000 3000.000000 0.000000 0.000000 0.000000 0.000000 94.205437 30.138929 94.205368 30.138927 -1.049744 
3757010442.000000 4.367226 90.499466 30.950069 0.062597 4.483287 8.822057 0.000000 0.000000 3000.000000 0.000000 0.000000 992.000000 0.000000 0.000000 0.000000 3000.000000 0.000000 0.000000 0.000000 0.000000 94.223610 30.138929 94.210838 30.138927 -1.049744 
3757111026.000000 4.868714 90.346840 31.133936 -1.563534 2.879147 1.757950 0.000000 0.000000 3000.000000 0.000000 0.000000 992.000000 0.000000 0.000000 0.000000 3000.000000 0.000000 0.000000 0.000000 0.000000 94.205437 30.138929 94.209221 30.138927 -1.049744 
3757211560.000000 4.570207 90.539017 31.781467 -6.029060 2.994414 -7.317816 0.000000 0.000000 3000.000000 0.000000 0.000000 992.000000 0.000000 0.000000 0.000000 3000.000000 0.000000 0.000000 0.000000 0.000000 94.205437 30.138929 94.208092 30.138927 -1.049744 
3757312026.000000 4.023885 88.859200 31.869410 1.666064 -24.808874 -6.825321 0.000000 0.000000 3000.000000 0.000000 0.000000 992.000000 0.000000 0.000000 0.000000 3000.000000 0.000000 0.000000 0.000000 0.000000 94.205437 30.138929 94.207298 30.138927 -1.049744 
3757412322.000000 3.034124 85.683990 31.999784 -7.040703 -40.760136 -15.610397 0.000000 0.000000 3000.000000 0.000000 0.000000 992.000000 0.000000 0.000000 0.000000 3000.000000 0.000000 0.000000 0.000000 0.000000 94.223610 30.138929 94.212189 30.138927 -1.049744 
3757512494.000000 2.481272 80.161324 32.379829 0.076273 -90.028076 -2.745104 0.000000 0.000000 3000.000000 0.000000 0.000000 992.000000 0.000000 0.000000 0.000000 3000.000000 0.000000 0.000000 0.000000 0.000000 94.205437 30.138929 94.210167 30.138927 -1.049744 
3757612515.000000 0.000280 71.835777 30.807325 11.347340 -107.823509 -39.303535 0.000000 0.000000 3000.000000 0.000000 0.000000 992.000000 0.000000 0.000000 0.000000 3000.000000 0.000000 0.000000 0.000000 0.000000 94.205437 30.138929 94.208748 30.138927 -1.049744 
3757713047.000000 -1.803852 64.528046 30.570503 -17.892044 -32.837818 -15.002702 0.000000 0.000000 3000.000000 0.000000 0.000000 992.000000 0.000000 0.000000 0.000000 3000.000000 0.000000 0.000000 0.000000 0.000000 94.205437 30.138929 94.207756 30.138927 -1.049744 
3757813535.000000 -2.472840 55.639309 29.455168 4.450181 -95.046043 -6.452912 0.000000 0.000000 3000.000000 0.000000 0.000000 992.000000 0.000000 0.000000 0.000000 3000.000000 0.000000 0.000000 0.000000 0.000000 94.223610 30.138929 94.212509 30.138927 -1.049744 
3757913631.000000 -4.273234 48.991238 29.500273 -9.816099 -60.822041 -3.297726 0.000000 0.000000 3000.000000 0.000000 0.000000 992.000000 0.000000 0.000000 0.000000 3000.000000 0.000000 0.000000 0.000000 0.000000 94.205437 30.138929 94.210388 30.138927 -1.049744 
3758013872.000000 -4.571368 39.543762 28.369217 16.630039 -93.343697 -18.430452 0.000000 0.000000 3000.000000 0.000000 0.000000 992.000000 0.000000 0.000000 0.000000 3000.000000 0.000000 0.000000 0.000000 0.000000 94.205437 30.138929 94.208908 30.138927 -1.049744 
3758114123.000000 -5.585986 31.693502 27.049969 6.053313 -96.542694 -12.888637 0.000000 0.000000 3000.000000 0.000000 0.000000 992.000000 0.000000 0.000000 0.000000 3000.000000 0.000000 0.000000 0.000000 0.000000 94.205437 30.138929 94.207870 30.138927 -0.844776 
3758214051.000000 -5.188792 21.117863 25.674719 13.102324 -87.411522 -9.787997 0.000000 0.000000 3000.000000 0.000000 0.000000 992.000000 0.000000 0.000000 0.000000 3000.000000 0.000000 0.000000 0.000000 0.000000 94.223610 30.138929 94.212593 30.138927 -0.844776 
3758314139.000000 -3.897498 11.461771 24.394674 21.720898 -92.173332 -8.551028 0.000000 0.000000 3000.000000 0.000000 0.000000 992.000000 0.000000 0.000000 0.000000 3000.000000 0.000000 0.000000 0.000000 0.000000 94.205437 30.138929 94.210449 30.138927 -0.844776 
3758414599.000000 -2.797434 5.633799 23.677635 -6.470256 -39.152023 0.029925 0.000000 0.000000 3000.000000 0.000000 0.000000 992.000000 0.000000 0.000000 0.000000 3000.000000 0.000000 0.000000 0.000000 0.000000 94.169472 30.138929 94.198151 30.138927 -0.844776 
3758514932.000000 -5.890533 4.503280 22.805450 -50.733826 -5.396026 -4.655713 0.000000 0.000000 3000.000000 0.000000 0.000000 992.000000 0.000000 0.000000 0.000000 3000.000000 0.000000 0.000000 0.000000 0.000000 94.205437 30.138929 94.200340 30.138927 -0.844776 
3758615444.000000 -15.286701 5.212302 22.603678 -103.446228 3.319573 -19.400307 0.000000 0.000000 3000.000000 0.000000 0.000000 992.000000 0.000000 0.000000 0.000000 3000.000000 0.000000 0.000000 0.000000 0.000000 94.205437 30.138929 94.201874 30.138927 -0.844776 
3758716052.000000 -26.392063 7.297730 24.239809 -105.494133 26.743992 3.662398 0.000000 0.000000 3000.000000 0.000000 0.000000 992.000000 0.000000 0.000000 0.000000 3000.000000 0.000000 0.000000 0.000000 0.000000 94.205437 30.138929 94.202942 30.138927 -0.844776 
3758816232.000000 -33.817558 8.941691 25.748129 -105.088684 36.228493 1.227311 0.000000 0.000000 3000.000000 0.000000 0.000000 992.000000 0.000000 0.000000 0.000000 3000.000000 0.000000 0.000000 0.000000 0.000000 94.205437 30.138929 94.203690 30.138927 -0.844776 
3758916675.000000 -43.386482 11.977924 27.837496 -88.550316 11.549005 -7.406815 0.000000 0.000000 3000.000000 0.000000 0.000000 992.000000 0.000000 0.000000 0.000000 3000.000000 0.000000 0.000000 0.000000 0.000000 94.205437 30.138929 94.204216 30.138927 -0.844776 
3759016952.000000 -54.661621 19.526983 31.714762 -95.516953 35.896275 -15.897704 0.000000 0.000000 3000.000000 0.000000 0.000000 992.000000 0.000000 0.000000 0.000000 3000.000000 0.000000 0.000000 0.000000 0.000000 94.205437 30.138929 94.204582 30.138927 -0.844776 
3759117333.000000 -65.271217 32.667858 42.627956 -97.720634 -4.527874 -6.757803 0.000000 0.000000 3000.000000 0.000000 0.000000 992.000000 0.000000 0.000000 0.000000 3000.000000 0.000000 0.000000 0.000000 0.000000 94.205437 30.138929 94.204842 30.138927 -0.621376 
3759217326.000000 -71.767212 56.268330 66.266701 -94.480545 18.503040 -6.690723 0.000000 0.000000 3000.000000 0.000000 0.000000 992.000000 0.000000 0.000000 0.000000 3000.000000 0.000000 0.000000 0.000000 0.000000 94.205437 30.138929 94.205025 30.138927 -0.621376 
3759317655.000000 -74.742729 81.378891 91.600807 -69.044731 0.020081 6.245542 0.000000 0.000000 3000.000000 0.000000 0.000000 992.000000 0.000000 0.000000 0.000000 3000.000000 0.000000 0.000000 0.000000 0.000000 94.205437 30.138929 94.205154 30.138927 -0.621376 
3759417795.000000 -73.724449 120.255905 130.761673 -87.565315 2.597572 -2.511261 0.000000 0.000000 3000.000000 0.000000 0.000000 992.000000 0.000000 0.000000 0.000000 3000.000000 0.000000 0.000000 0.000000 0.000000 94.205437 30.138929 94.205238 30.138927 -0.621376 
3759518179.000000 -70.366539 137.991409 149.652908 -54.264492 -3.935714 -11.699836 0.000000 0.000000 3000.000000 0.000000 0.000000 992.000000 0.000000 0.000000 0.000000 3000.000000 0.000000 0.000000 0.000000 0.000000 94.205437 30.138929 94.205299 30.138927 -0.621376 
3759618189.000000 -70.077126 142.243011 154.052460 5.438649 -2.592773 -17.673508 0.000000 0.000000 3000.000000 0.000000 0.000000 992.000000 0.000000 0.000000 0.000000 3000.000000 0.000000 0.000000 0.000000 0.000000 94.205437 30.138929 94.205345 30.138927 -0.621376 
3759718586.000000 -70.767967 143.535767 155.937897 30.412880 -14.048610 -13.808378 0.000000 0.000000 3000.000000 0.000000 0.000000 992.000000 0.000000 0.000000 0.000000 3000.000000 0.000000 0.000000 0.000000 0.000000 94.205437 30.138929 94.205376 30.138927 -0.621376 
3759819166.000000 -75.893089 135.397980 149.991623 69.666420 -36.763618 -31.482752 0.000000 0.000000 3000.000000 0.000000 0.000000 992.000000 0.000000 0.000000 0.000000 3000.000000 0.000000 0.000000 0.000000 0.000000 94.205437 30.138929 94.205399 30.138927 -0.621376 
3759919388.000000 -80.869759 98.471352 114.606461 99.990761 -43.398815 -14.993219 0.000000 0.000000 3000.000000 0.000000 0.000000 992.000000 0.000000 0.000000 0.000000 3000.000000 0.000000 0.000000 0.000000 0.000000 94.205437 30.138929 94.205414 30.138927 -0.621376 
3760019423.000000 -77.725952 32.370163 50.376320 149.778824 -37.479519 -7.809348 0.000000 0.000000 3000.000000 0.000000 0.000000 992.000000 0.000000 0.000000 0.000000 3000.000000 0.000000 0.000000 0.000000 0.000000 94.205437 30.138929 94.205421 30.138927 -0.621376 
3760119764.000000 -66.834686 17.869165 35.566730 115.040833 3.306720 -11.861689 0.000000 0.000000 3000.000000 0.000000 0.000000 992.000000 0.000000 0.000000 0.000000 3000.000000 0.000000 0.000000 0.000000 0.000000 94.205437 30.138929 94.205429 30.138927 -0.206579 
3760220079.000000 -53.828114 11.150264 27.728758 102.279991 23.400040 2.378358 0.000000 0.000000 3000.000000 0.000000 0.000000 992.000000 0.000000 0.000000 0.000000 3000.000000 0.000000 0.000000 0.000000 0.000000 94.205437 30.138929 94.205437 30.138927 -0.206579 
3760320493.000000 -32.616928 7.932541 25.404177 207.008545 41.996334 37.393467 0.000000 0.000000 3000.000000 0.000000 0.000000 992.000000 0.000000 0.000000 0.000000 3000.000000 0.000000 0.000000 0.000000 0.000000 94.205437 30.138929 94.205437 30.138927 -0.206579 
3760420746.000000 -14.040605 7.936596 23.795387 135.409454 -10.632025 -0.483835 0.000000 0.000000 3000.000000 0.000000 0.000000 992.000000 0.000000 0.000000 0.000000 3000.000000 0.000000 0.000000 0.000000 0.000000 94.205437 30.138929 94.205437 30.138927 -0.206579 
3760521105.000000 -4.163435 5.643203 22.113266 79.655136 -25.426739 -17.747599 0.000000 0.000000 3000.000000 0.000000 0.000000 992.000000 0.000000 0.000000 0.000000 3000.000000 0.000000 0.000000 0.000000 0.000000 94.205437 30.138929 94.205437 30.138927 -0.206579 
3760621775.000000 3.235137 3.681687 20.905338 64.755051 -16.514055 2.155169 0.000000 0.000000 3000.000000 0.000000 0.000000 992.000000 0.000000 0.000000 0.000000 3000.000000 0.000000 0.000000 0.000000 0.000000 94.205437 30.138929 94.205437 30.138927 -0.206579 
3760722341.000000 7.888448 2.184500 20.757790 58.024448 -4.533638 -7.626577 0.000000 0.000000 3000.000000 0.000000 0.000000 992.000000 0.000000 0.000000 0.000000 3000.000000 0.000000 0.000000 0.000000 0.000000 94.205437 30.138929 94.205437 30.138927 -0.206579 
3760822441.000000 16.522430 2.399130 20.598619 125.791313 13.800264 -13.322310 0.000000 0.000000 3000.000000 0.000000 0.000000 992.000000 0.000000 0.000000 0.000000 3000.000000 0.000000 0.000000 0.000000 0.000000 94.205437 30.138929 94.205437 30.138927 -0.206579 
3760922609.000000 31.270651 3.650910 17.651802 144.433548 -3.882504 -16.415976 0.000000 0.000000 3000.000000 0.000000 0.000000 992.000000 0.000000 0.000000 0.000000 3000.000000 0.000000 0.000000 0.000000 0.000000 94.187653 30.138929 94.200096 30.138927 -0.206579 
3761023009.000000 43.388210 3.939878 15.317492 105.245483 -17.400795 -7.648763 0.000000 0.000000 3000.000000 0.000000 0.000000 992.000000 0.000000 0.000000 0.000000 3000.000000 0.000000 0.000000 0.000000 0.000000 94.187653 30.138929 94.196358 30.138927 -0.206579 
3761123131.000000 53.087864 5.464570 13.093773 96.424492 7.878272 -5.973545 0.000000 0.000000 3000.000000 0.000000 0.000000 992.000000 0.000000 0.000000 0.000000 3000.000000 0.000000 0.000000 0.000000 0.000000 94.205437 30.138929 94.199081 30.138927 -0.538957 
3761223172.000000 63.108040 7.728258 11.171579 113.503777 1.721500 8.045229 0.000000 0.000000 3000.000000 0.000000 0.000000 992.000000 0.000000 0.000000 0.000000 3000.000000 0.000000 0.000000 0.000000 0.000000 94.187653 30.138929 94.195648 30.138927 -0.538957 
3761323278.000000 73.226097 4.776452 12.784826 93.512268 -15.764421 9.347246 0.000000 0.000000 3000.000000 0.000000 0.000000 992.000000 0.000000 0.000000 0.000000 3000.000000 0.000000 0.000000 0.000000 0.000000 94.205437 30.138929 94.198586 30.138927 -0.538957 
3761423232.000000 81.598564 5.538906 9.479384 88.371834 -23.468884 -1.130646 0.000000 0.000000 3000.000000 0.000000 0.000000 992.000000 0.000000 0.000000 0.000000 3000.000000 0.000000 0.000000 0.000000 0.000000 94.205437 30.138929 94.200645 30.138927 -0.538957 
3761523461.000000 84.781204 149.750031 -134.684708 58.812008 2.298236 -14.782246 0.000000 0.000000 3000.000000 0.000000 0.000000 992.000000 0.000000 0.000000 0.000000 3000.000000 0.000000 0.000000 0.000000 0.000000 94.205437 30.138929 94.202087 30.138927 -0.538957 
3761623456.000000 83.061577 150.164520 -134.896378 5.548975 9.582360 -13.308921 0.000000 0.000000 3000.000000 0.000000 0.000000 992.000000 0.000000 0.000000 0.000000 3000.000000 0.000000 0.000000 0.000000 0.000000 94.205437 30.138929 94.203094 30.138927 -0.538957 
3761723936.000000 83.682297 134.895355 -118.886543 -26.133821 5.416448 -6.195022 0.000000 0.000000 3000.000000 0.000000 0.000000 992.000000 0.000000 0.000000 0.000000 3000.000000 0.000000 0.000000 0.000000 0.000000 94.223610 30.138929 94.209244 30.138927 -0.538957 
3761824257.000000 81.991066 34.141273 -18.758059 -96.340111 -11.269141 -18.006477 0.000000 0.000000 3000.000000 0.000000 0.000000 992.000000 0.000000 0.000000 0.000000 3000.000000 0.000000 0.000000 0.000000 0.000000 94.205437 30.138929 94.208107 30.138927 -0.538957 
3761924268.000000 69.400528 14.074716 1.821879 -148.033539 0.193363 0.737553 0.000000 0.000000 3000.000000 0.000000 0.000000 992.000000 0.000000 0.000000 0.000000 3000.000000 0.000000 0.000000 0.000000 0.000000 94.205437 30.138929 94.207306 30.138927 -0.538957 
3762024455.000000 54.070042 10.887206 5.313716 -143.779800 -12.665044 -4.567596 0.000000 0.000000 3000.000000 0.000000 0.000000 992.000000 0.000000 0.000000 0.000000 3000.000000 0.000000 0.000000 0.000000 0.000000 94.205437 30.138929 94.206749 30.138927 -0.538957 
3762124765.000000 36.830341 7.722641 9.706869 -158.388947 -0.635255 -4.269353 0.000000 0.000000 3000.000000 0.000000 0.000000 992.000000 0.000000 0.000000 0.000000 3000.000000 0.000000 0.000000 0.000000 0.000000 94.205437 30.138929 94.206360 30.138927 -0.039038 
3762224884.000000 23.757092 6.575043 11.846138 -144.856888 -3.518754 3.892660 0.000000 0.000000 3000.000000 0.000000 0.000000 992.000000 0.000000 0.000000 0.000000 3000.000000 0.000000 0.000000 0.000000 0.000000 94.205437 30.138929 94.206085 30.138927 -0.039038 
3762325052.000000 8.834357 5.831465 12.896736 -128.021194 -2.318384 7.924882 0.000000 0.000000 3000.000000 0.000000 0.000000 992.000000 0.000000 0.000000 0.000000 3000.000000 0.000000 0.000000 0.000000 0.000000 94.205437 30.138929 94.205894 30.138927 -0.039038 
3762425411.000000 1.095293 6.135732 14.296619 -48.980457 10.945665 3.363644 0.000000 0.000000 3000.000000 0.000000 0.000000 992.000000 0.000000 0.000000 0.000000 3000.000000 0.000000 0.000000 0.000000 0.000000 94.205437 30.138929 94.205757 30.138927 -0.039038 
3762525861.000000 -0.669438 6.956091 17.399168 -11.352685 4.124677 50.864258 0.000000 0.000000 3000.000000 0.000000 0.000000 992.000000 0.000000 0.000000 0.000000 3000.000000 0.000000 0.000000 0.000000 0.000000 94.205437 30.138929 94.205666 30.138927 -0.039038 
3762626322.000000 -0.639585 6.030024 25.350019 -16.139380 -14.888389 108.895767 0.000000 0.000000 3000.000000 0.000000 0.000000 992.000000 0.000000 0.000000 0.000000 3000.000000 0.000000 0.000000 0.000000 0.000000 94.205437 30.138929 94.205597 30.138927 -0.039038 
3762726692.000000 -0.208973 5.603356 35.217655 -9.787597 -3.621761 126.314537 0.000000 0.000000 3000.000000 0.000000 0.000000 992.000000 0.000000 0.000000 0.000000 3000.000000 0.000000 0.000000 0.000000 0.000000 94.205437 30.138929 94.205551 30.138927 -0.039038 
3762826985.000000 -0.506065 6.213883 45.966301 -22.480270 17.323057 81.041649 0.000000 0.000000 3000.000000 0.000000 0.000000 992.000000 0.000000 0.000000 0.000000 3000.000000 0.000000 0.000000 0.000000 0.000000 94.205437 30.138929 94.205521 30.138927 -0.039038 
3762927345.000000 -0.444826 6.676281 55.104496 4.245071 -18.849819 89.024376 0.000000 0.000000 3000.000000 0.000000 0.000000 992.000000 0.000000 0.000000 0.000000 3000.000000 0.000000 0.000000 0.000000 0.000000 94.205437 30.138929 94.205498 30.138927 -0.039038 
3763027508.000000 0.579361 6.253717 64.440544 2.888557 1.282111 98.927223 0.000000 0.000000 3000.000000 0.000000 0.000000 992.000000 0.000000 0.000000 0.000000 3000.000000 0.000000 0.000000 0.000000 0.000000 94.205437 30.138929 94.205482 30.138927 -0.039038 
3763127934.000000 1.429712 6.789882 75.349510 1.727325 7.644595 114.874016 0.000000 0.000000 3000.000000 0.000000 0.000000 992.000000 0.000000 0.000000 0.000000 3000.000000 0.000000 0.000000 0.000000 0.000000 94.205437 30.138929 94.205475 30.138927 0.152899 
3763227792.000000 2.153262 7.703849 84.866867 -17.404114 25.095377 108.592903 0.000000 0.000000 3000.000000 0.000000 0.000000 992.000000 0.000000 0.000000 0.000000 3000.000000 0.000000 0.000000 0.000000 0.000000 94.205437 30.138929 94.205467 30.138927 0.152899 
3763328071.000000 1.703187 11.002179 97.063797 -8.209708 32.482067 106.078369 0.000000 0.000000 3000.000000 0.000000 0.000000 992.000000 0.000000 0.000000 0.000000 3000.000000 0.000000 0.000000 0.000000 0.000000 94.205437 30.138929 94.205460 30.138927 0.152899 
3763428474.000000 3.788386 12.494915 108.699051 3.597731 2.627574 113.162270 0.000000 0.000000 3000.000000 0.000000 0.000000 992.000000 0.000000 0.000000 0.000000 3000.000000 0.000000 0.000000 0.000000 0.000000 94.205437 30.138929 94.205452 30.138927 0.152899 
3763528719.000000 6.593852 10.922105 117.148918 11.670791 16.086645 83.474159 0.000000 0.000000 3000.000000 0.000000 0.000000 992.000000 0.000000 0.000000 0.000000 3000.000000 0.000000 0.000000 0.000000 0.000000 94.187653 30.138929 94.200111 30.138927 0.152899 
3763629165.000000 7.754098 10.703939 122.345520 -1.391960 2.673674 26.165995 0.000000 0.000000 3000.000000 0.000000 0.000000 992.000000 0.000000 0.000000 0.000000 3000.000000 0.000000 0.000000 0.000000 0.000000 94.205437 30.138929 94.201714 30.138927 0.152899 
3763729221.000000 7.030119 8.734591 120.949425 -1.287876 -35.815617 -37.494564 0.000000 0.000000 3000.000000 0.000000 0.000000 992.000000 0.000000 0.000000 0.000000 3000.000000 0.000000 0.000000 0.000000 0.000000 94.187653 30.138929 94.197495 30.138927 0.152899 
3763829455.000000 3.048172 5.257408 110.617363 -22.580273 -32.837189 -129.843994 0.000000 0.000000 3000.000000 0.000000 0.000000 992.000000 0.000000 0.000000 0.000000 3000.000000 0.000000 0.000000 0.000000 0.000000 94.187653 30.138929 94.194542 30.138927 0.152899 
3763929931.000000 0.935942 3.015341 97.096741 -9.936979 -45.612423 -187.045441 0.000000 0.000000 3000.000000 0.000000 0.000000 992.000000 0.000000 0.000000 0.000000 3000.000000 0.000000 0.000000 0.000000 0.000000 94.187653 30.138929 94.192474 30.138927 0.152899 
3764029912.000000 -0.463357 2.106453 81.752449 1.005834 -3.737252 -144.844254 0.000000 0.000000 3000.000000 0.000000 0.000000 992.000000 0.000000 0.000000 0.000000 3000.000000 0.000000 0.000000 0.000000 0.000000 94.205437 30.138929 94.196365 30.138927 0.152899 
3764130529.000000 -1.476632 2.414278 70.089294 7.825243 7.028015 -121.375175 0.000000 0.000000 3000.000000 0.000000 0.000000 992.000000 0.000000 0.000000 0.000000 3000.000000 0.000000 0.000000 0.000000 0.000000 94.205437 30.138929 94.199089 30.138927 0.130127 
3764230683.000000 -0.411101 3.003618 58.149033 12.169602 -0.645862 -105.712105 0.000000 0.000000 3000.000000 0.000000 0.000000 992.000000 0.000000 0.000000 0.000000 3000.000000 0.000000 0.000000 0.000000 0.000000 94.205437 30.138929 94.200996 30.138927 0.130127 
3764331102.000000 2.107137 2.148115 45.644348 32.829212 -6.769067 -132.303040 0.000000 0.000000 3000.000000 0.000000 0.000000 992.000000 0.000000 0.000000 0.000000 3000.000000 0.000000 0.000000 0.000000 0.000000 94.205437 30.138929 94.202332 30.138927 0.130127 
3764431576.000000 5.153644 2.889649 29.528328 32.199306 12.008521 -166.894547 0.000000 0.000000 3000.000000 0.000000 0.000000 992.000000 0.000000 0.000000 0.000000 3000.000000 0.000000 0.000000 0.000000 0.000000 94.205437 30.138929 94.203262 30.138927 0.130127 
3764531964.000000 7.607175 4.525398 14.897867 26.289951 -19.841747 -113.508873 0.000000 0.000000 3000.000000 0.000000 0.000000 992.000000 0.000000 0.000000 0.000000 3000.000000 0.000000 0.000000 0.000000 0.000000 94.205437 30.138929 94.203918 30.138927 0.130127 
3764632243.000000 5.054548 3.279439 4.851172 4.060350 -32.637936 -116.135124 0.000000 0.000000 3000.000000 0.000000 0.000000 992.000000 0.000000 0.000000 0.000000 3000.000000 0.000000 0.000000 0.000000 0.000000 94.205437 30.138929 94.204376 30.138927 0.130127 
3764732383.000000 4.938231 4.897755 -4.079570 -1.152518 32.239017 -87.015732 0.000000 0.000000 3000.000000 0.000000 0.000000 992.000000 0.000000 0.000000 0.000000 3000.000000 0.000000 0.000000 0.000000 0.000000 94.187653 30.138929 94.199356 30.138927 0.130127 
3764832610.000000 4.592860 8.418904 -14.571242 10.143519 0.468469 -92.454437 0.000000 0.000000 3000.000000 0.000000 0.000000 992.000000 0.000000 0.000000 0.000000 3000.000000 0.000000 0.000000 0.000000 0.000000 94.205437 30.138929 94.201180 30.138927 0.130127 
3764932512.000000 5.888060 9.618095 -23.153717 13.985442 13.112922 -66.304092 0.000000 0.000000 3000.000000 0.000000 0.000000 992.000000 0.000000 0.000000 0.000000 3000.000000 0.000000 0.000000 0.000000 0.000000 94.205437 30.138929 94.202461 30.138927 0.130127 
3765032813.000000 9.882727 10.747532 -30.583620 77.551750 -29.566366 -100.392685 0.000000 0.000000 3000.000000 0.000000 0.000000 992.000000 0.000000 0.000000 0.000000 3000.000000 0.000000 0.000000 0.000000 0.000000 94.205437 30.138929 94.203354 30.138927 0.130127 
3765133114.000000 12.966320 12.055848 -41.358879 20.101730 5.556812 -73.342735 0.000000 0.000000 3000.000000 0.000000 0.000000 992.000000 0.000000 0.000000 0.000000 3000.000000 0.000000 0.000000 0.000000 0.000000 94.205437 30.138929 94.203979 30.138927 0.148561 
3765233468.000000 13.041152 13.241202 -50.553787 18.682068 -22.557314 -85.920990 0.000000 0.000000 3000.000000 0.000000 0.000000 992.000000 0.000000 0.000000 0.000000 3000.000000 0.000000 0.000000 0.000000 0.000000 94.205437 30.138929 94.204422 30.138927 0.148561 
3765333553.000000 14.731297 14.672281 -56.742241 35.264805 -4.333874 -38.238140 0.000000 0.000000 3000.000000 0.000000 0.000000 992.000000 0.000000 0.000000 0.000000 3000.000000 0.000000 0.000000 0.000000 0.000000 94.187653 30.138929 94.199387 30.138927 0.148561 
3765433679.000000 15.429645 15.533161 -59.691727 -15.129685 -0.224126 -16.346718 0.000000 0.000000 3000.000000 0.000000 0.000000 992.000000 0.000000 0.000000 0.000000 3000.000000 0.000000 0.000000 0.000000 0.000000 94.205437 30.138929 94.201202 30.138927 0.148561 
3765533615.000000 13.949660 14.626963 -61.326500 -24.888069 -14.475759 -21.864904 0.000000 0.000000 3000.000000 0.000000 0.000000 992.000000 0.000000 0.000000 0.000000 3000.000000 0.000000 0.000000 0.000000 0.000000 94.205437 30.196920 94.202477 30.156324 0.148561 
3765633713.000000 13.008489 14.762254 -63.452641 3.709001 -3.222453 -22.653931 0.000000 0.000000 3000.000000 0.000000 0.000000 992.000000 0.000000 0.000000 0.000000 3000.000000 0.000000 0.000000 0.000000 0.000000 94.205437 30.196920 94.203369 30.168503 0.148561 
3765733769.000000 12.475434 15.287833 -65.690895 -12.466087 10.291176 -9.540648 0.000000 0.000000 3000.000000 0.000000 0.000000 992.000000 0.000000 0.000000 0.000000 3000.000000 0.000000 0.000000 0.000000 0.000000 94.205437 30.196920 94.203995 30.177029 0.148561 
3765834321.000000 11.420351 15.908815 -64.460892 -22.050102 6.911023 47.569851 0.000000 0.000000 3000.000000 0.000000 0.000000 992.000000 0.000000 0.000000 0.000000 3000.000000 0.000000 0.000000 0.000000 0.000000 94.205437 30.196920 94.204430 30.182997 0.148561 
3765934690.000000 11.146811 12.776090 -55.043262 -42.574749 8.574203 100.046349 0.000000 0.000000 3000.000000 0.000000 0.000000 992.000000 0.000000 0.000000 0.000000 3000.000000 0.000000 0.000000 0.000000 0.000000 94.205437 30.138929 94.204735 30.169777 0.148561 
3766035029.000000 11.619140 8.794309 -40.251965 -2.206067 -15.418303 108.942924 0.000000 0.000000 3000.000000 0.000000 0.000000 992.000000 0.000000 0.000000 0.000000 3000.000000 0.000000 0.000000 0.000000 0.000000 94.205437 30.138929 94.204948 30.160522 0.148561 
3766135355.000000 8.779991 8.169010 -26.874935 -35.736256 -13.709163 99.803139 0.000000 0.000000 3000.000000 0.000000 0.000000 992.000000 0.000000 0.000000 0.000000 3000.000000 0.000000 0.000000 0.000000 0.000000 94.205437 30.138929 94.205101 30.154045 1.232890 
3766235618.000000 10.128637 6.608695 -18.426651 -24.836094 28.120499 136.296844 0.000000 0.000000 3000.000000 0.000000 0.000000 992.000000 0.000000 0.000000 0.000000 3000.000000 0.000000 0.000000 0.000000 0.000000 94.205437 30.138929 94.205208 30.149511 1.232890 
3766336098.000000 9.525490 4.183454 -5.194845 -11.946318 -23.423979 101.756859 0.000000 0.000000 3000.000000 0.000000 0.000000 992.000000 0.000000 0.000000 0.000000 3000.000000 0.000000 0.000000 0.000000 0.000000 94.205437 30.138929 94.205276 30.146338 1.232890 
3766436089.000000 7.585321 2.234666 6.918471 -43.146015 11.556367 130.154480 0.000000 0.000000 3000.000000 0.000000 0.000000 992.000000 0.000000 0.000000 0.000000 3000.000000 0.000000 0.000000 0.000000 0.000000 94.205437 30.138929 94.205330 30.144115 1.232890 
3766536373.000000 4.509066 3.580919 15.789241 -48.687862 23.683668 91.302773 0.000000 0.000000 3000.000000 0.000000 0.000000 992.000000 0.000000 0.000000 0.000000 3000.000000 0.000000 0.000000 0.000000 0.000000 94.205437 30.138929 94.205368 30.142559 1.232890 
3766636819.000000 2.926476 7.314262 19.255123 -15.577265 24.118494 31.356243 0.000000 0.000000 3000.000000 0.000000 0.000000 992.000000 0.000000 0.000000 0.000000 3000.000000 0.000000 0.000000 0.000000 0.000000 94.205437 30.138929 94.205391 30.141470 1.232890 
3766736833.000000 2.084519 7.741673 19.062181 -8.674728 -22.560406 -64.297775 0.000000 0.000000 3000.000000 0.000000 0.000000 992.000000 0.000000 0.000000 0.000000 3000.000000 0.000000 0.000000 0.000000 0.000000 94.205437 30.138929 94.205406 30.140709 1.232890 
3766837114.000000 0.794353 4.118084 16.129017 -8.859987 -2.863744 17.069065 0.000000 0.000000 3000.000000 0.000000 0.000000 992.000000 0.000000 0.000000 0.000000 3000.000000 0.000000 0.000000 0.000000 0.000000 94.205437 30.138929 94.205421 30.140175 1.232890 
3766937552.000000 5.479156 3.104812 17.539488 62.269672 -60.085129 8.841883 0.000000 0.000000 3000.000000 0.000000 0.000000 992.000000 0.000000 0.000000 0.000000 3000.000000 0.000000 0.000000 0.000000 0.000000 94.205437 30.138929 94.205429 30.139801 1.232890 
3767046792.000000 5.559202 0.097979 18.364815 -9.668049 -26.919523 -1.154037 0.000000 0.000000 3000.000000 0.000000 0.000000 992.000000 0.000000 0.000000 0.000000 3000.000000 0.000000 0.000000 0.000000 0.000000 94.205437 30.138929 94.205437 30.139540 0.807845 
3767146932.000000 5.131472 -3.377010 17.742697 2.263092 3.179304 -16.661469 0.000000 0.000000 3000.000000 0.000000 0.000000 992.000000 0.000000 0.000000 0.000000 3000.000000 0.000000 0.000000 0.000000 0.000000 94.241776 30.138929 94.216339 30.139357 0.807845 
3767247498.000000 5.199671 -2.414217 16.720392 -19.480808 4.529651 -6.049645 0.000000 0.000000 3000.000000 0.000000 0.000000 992.000000 0.000000 0.000000 0.000000 3000.000000 0.000000 0.000000 0.000000 0.000000 94.205437 30.138929 94.213074 30.139229 0.807845 
3767347874.000000 4.997579 -2.867222 14.205688 7.794489 -39.928631 -37.701454 0.000000 0.000000 3000.000000 0.000000 0.000000 992.000000 0.000000 0.000000 0.000000 3000.000000 0.000000 0.000000 0.000000 0.000000 94.223610 30.138929 94.216232 30.139139 0.807845 
3767448171.000000 2.696985 -1.086504 11.666529 -37.332527 46.648087 -28.484837 0.000000 0.000000 3000.000000 0.000000 0.000000 992.000000 0.000000 0.000000 0.000000 3000.000000 0.000000 0.000000 0.000000 0.000000 94.205437 30.138929 94.212997 30.139076 0.807845 
3767548479.000000 2.815927 0.297781 11.883461 16.627319 -5.154427 0.827738 0.000000 0.000000 3000.000000 0.000000 0.000000 992.000000 0.000000 0.000000 0.000000 3000.000000 0.000000 0.000000 0.000000 0.000000 94.205437 30.138929 94.210732 30.139032 0.807845 
3767648935.000000 1.696330 1.024325 13.334418 -29.711813 44.448654 17.212078 0.000000 0.000000 3000.000000 0.000000 0.000000 992.000000 0.000000 0.000000 0.000000 3000.000000 0.000000 0.000000 0.000000 0.000000 94.223610 30.138929 94.214592 30.139002 0.807845 
3767749124.000000 0.784963 4.412840 14.236219 7.300567 -24.450396 -11.071950 0.000000 0.000000 3000.000000 0.000000 0.000000 992.000000 0.000000 0.000000 0.000000 3000.000000 0.000000 0.000000 0.000000 0.000000 94.205437 30.138929 94.211845 30.138981 0.807845 
3767849250.000000 -0.359258 2.822810 15.091146 -10.883291 -16.872154 17.706203 0.000000 0.000000 3000.000000 0.000000 0.000000 992.000000 0.000000 0.000000 0.000000 3000.000000 0.000000 0.000000 0.000000 0.000000 94.223610 30.138929 94.215370 30.138966 0.807845 
3767949408.000000 -0.696727 1.863935 17.079102 -12.668763 -37.668621 -4.974311 0.000000 0.000000 3000.000000 0.000000 0.000000 992.000000 0.000000 0.000000 0.000000 3000.000000 0.000000 0.000000 0.000000 0.000000 94.205437 30.138929 94.212395 30.138954 0.807845 
3768049669.000000 -4.513394 4.500840 18.266188 -40.770561 52.017933 14.499737 0.000000 0.000000 3000.000000 0.000000 0.000000 992.000000 0.000000 0.000000 0.000000 3000.000000 0.000000 0.000000 0.000000 0.000000 94.223610 30.138929 94.215759 30.138947 -0.131755 
3768150005.000000 -6.248305 2.893950 18.177870 13.542712 -25.758499 -14.345590 0.000000 0.000000 3000.000000 0.000000 0.000000 992.000000 0.000000 0.000000 0.000000 3000.000000 0.000000 0.000000 0.000000 0.000000 94.205437 30.138929 94.212662 30.138941 -0.131755 
3768250013.000000 -5.524603 0.386624 17.189932 3.268426 -11.430175 -2.323007 0.000000 0.000000 3000.000000 0.000000 0.000000 992.000000 0.000000 0.000000 0.000000 3000.000000 0.000000 0.000000 0.000000 0.000000 94.205437 30.138929 94.210495 30.138937 -0.131755 
3768350140.000000 -4.507460 1.162592 17.465071 5.408944 18.628668 7.294380 0.000000 0.000000 3000.000000 0.000000 0.000000 992.000000 0.000000 0.000000 0.000000 3000.000000 0.000000 0.000000 0.000000 0.000000 94.205437 30.138929 94.208977 30.138935 -0.131755 
3768450732.000000 -3.182074 2.084309 18.069241 9.787904 -0.261067 1.822176 0.000000 0.000000 3000.000000 0.000000 0.000000 992.000000 0.000000 0.000000 0.000000 3000.000000 0.000000 0.000000 0.000000 0.000000 94.205437 30.138929 94.207916 30.138933 -0.131755 
3768551322.000000 -2.180325 2.053523 17.896681 2.325596 0.097412 -2.910560 0.000000 0.000000 3000.000000 0.000000 0.000000 992.000000 0.000000 0.000000 0.000000 3000.000000 0.000000 0.000000 0.000000 0.000000 94.205437 30.138929 94.207176 30.138933 -0.131755 
3768651713.000000 -2.135513 2.024818 17.887411 1.635146 -0.396866 -0.978463 0.000000 0.000000 3000.000000 0.000000 0.000000 992.000000 0.000000 0.000000 0.000000 3000.000000 0.000000 0.000000 0.000000 0.000000 94.205437 30.138929 94.206657 30.138933 -0.131755 
3768751912.000000 -1.979230 2.002239 17.868280 1.674302 -0.188908 -1.037767 0.000000 0.000000 3000.000000 0.000000 0.000000 992.000000 0.000000 0.000000 0.000000 3000.000000 0.000000 0.000000 0.000000 0.000000 94.205437 30.138929 94.206291 30.138933 -0.131755 
3768852311.000000 -1.865955 1.978208 17.853138 0.977034 -0.197803 -1.018180 0.000000 0.000000 3000.000000 0.000000 0.000000 992.000000 0.000000 0.000000 0.000000 3000.000000 0.000000 0.000000 0.000000 0.000000 94.205437 30.138929 94.206039 30.138933 -0.131755 
3768952241.000000 -1.780353 1.955508 17.846010 1.235039 -0.392251 -0.865602 0.000000 0.000000 3000.000000 0.000000 0.000000 992.000000 0.000000 0.000000 0.000000 3000.000000 0.000000 0.000000 0.000000 0.000000 94.205437 30.138929 94.205864 30.138933 -0.131755 
3769052828.000000 -1.717813 1.930725 17.841274 0.868298 -0.282288 -0.970048 0.000000 0.000000 3000.000000 0.000000 0.000000 992.000000 0.000000 0.000000 0.000000 3000.000000 0.000000 0.000000 0.000000 0.000000 94.223610 30.138929 94.211189 30.138933 -0.402860 
3769153009.000000 -1.649191 1.912245 17.837519 0.914380 -0.184635 -0.792779 0.000000 0.000000 3000.000000 0.000000 0.000000 992.000000 0.000000 0.000000 0.000000 3000.000000 0.000000 0.000000 0.000000 0.000000 94.205437 30.138929 94.209465 30.138933 -0.402860 
3769253445.000000 -1.590418 1.894507 17.835480 0.722490 -0.230874 -0.964934 0.000000 0.000000 3000.000000 0.000000 0.000000 992.000000 0.000000 0.000000 0.000000 3000.000000 0.000000 0.000000 0.000000 0.000000 94.205437 30.138929 94.208260 30.138933 -0.402860 
3769353780.000000 -1.540892 1.879512 17.833700 0.657984 -0.243109 -0.638785 0.000000 0.000000 3000.000000 0.000000 0.000000 992.000000 0.000000 0.000000 0.000000 3000.000000 0.000000 0.000000 0.000000 0.000000 94.205437 30.138929 94.207413 30.138933 -0.402860 
3769454089.000000 -1.497322 1.868166 17.833273 0.671129 -0.201007 -0.873799 0.000000 0.000000 3000.000000 0.000000 0.000000 992.000000 0.000000 0.000000 0.000000 3000.000000 0.000000 0.000000 0.000000 0.000000 94.205437 30.138929 94.206825 30.138933 -0.402860 
3769554460.000000 -1.464731 1.857588 17.832333 0.625788 -0.140591 -0.729811 0.000000 0.000000 3000.000000 0.000000 0.000000 992.000000 0.000000 0.000000 0.000000 3000.000000 0.000000 0.000000 0.000000 0.000000 94.205437 30.138929 94.206413 30.138933 -0.402860 
3769654405.000000 -1.440081 1.844807 17.826895 0.389104 -0.231002 -0.976385 0.000000 0.000000 3000.000000 0.000000 0.000000 992.000000 0.000000 0.000000 0.000000 3000.000000 0.000000 0.000000 0.000000 0.000000 94.205437 30.138929 94.206123 30.138933 -0.402860 
3769754710.000000 -1.413263 1.833692 17.821682 0.305049 -0.135025 -0.889782 0.000000 0.000000 3000.000000 0.000000 0.000000 992.000000 0.000000 0.000000 0.000000 3000.000000 0.000000 0.000000 0.000000 0.000000 94.205437 30.138929 94.205917 30.138933 -0.402860 
3769855079.000000 -1.357331 1.827286 17.815971 0.565471 -0.164948 -0.797003 0.000000 0.000000 3000.000000 0.000000 0.000000 992.000000 0.000000 0.000000 0.000000 3000.000000 0.000000 0.000000 0.000000 0.000000 94.205437 30.138929 94.205772 30.138933 -0.402860 
3769955442.000000 -1.321576 1.819827 17.813185 0.246902 -0.069962 -0.947457 0.000000 0.000000 3000.000000 0.000000 0.000000 992.000000 0.000000 0.000000 0.000000 3000.000000 0.000000 0.000000 0.000000 0.000000 94.205437 30.138929 94.205673 30.138933 -0.402860 
3770055396.000000 -1.299272 1.808331 17.809298 0.712309 -0.191377 -0.836319 0.000000 0.000000 3000.000000 0.000000 0.000000 992.000000 0.000000 0.000000 0.000000 3000.000000 0.000000 0.000000 0.000000 0.000000 94.223610 30.138929 94.211052 30.138933 0.178924 
3770155611.000000 -1.274908 1.795838 17.803808 0.435942 -0.339113 -0.831016 0.000000 0.000000 3000.000000 0.000000 0.000000 992.000000 0.000000 0.000000 0.000000 3000.000000 0.000000 0.000000 0.000000 0.000000 94.205437 30.138929 94.209373 30.138933 0.178924 
3770256013.000000 -1.255353 1.791556 17.800852 0.530459 -0.404474 -0.922711 0.000000 0.000000 3000.000000 0.000000 0.000000 992.000000 0.000000 0.000000 0.000000 3000.000000 0.000000 0.000000 0.000000 0.000000 94.205437 30.138929 94.208199 30.138933 0.178924 
3770356409.000000 -1.228179 1.789188 17.797188 1.176676 -0.063557 -0.721758 0.000000 0.000000 3000.000000 0.000000 0.000000 992.000000 0.000000 0.000000 0.000000 3000.000000 0.000000 0.000000 0.000000 0.000000 94.205437 30.138929 94.207375 30.138933 0.178924 
3770456954.000000 -1.204605 1.785161 17.795422 0.524743 -0.170102 -1.053056 0.000000 0.000000 3000.000000 0.000000 0.000000 992.000000 0.000000 0.000000 0.000000 3000.000000 0.000000 0.000000 0.000000 0.000000 94.205437 30.138929 94.206795 30.138933 0.178924 
3770599157.000000 -1.162447 1.769034 17.791641 0.383727 -0.259416 -0.883703 0.000000 0.000000 3000.000000 0.000000 0.000000 992.000000 0.000000 0.000000 0.000000 3000.000000 0.000000 0.000000 0.000000 0.000000 94.205437 30.138929 94.206390 30.138933 0.178924 
3770699422.000000 -1.144958 1.766079 17.789579 0.385261 -0.191236 -1.003862 0.000000 0.000000 3000.000000 0.000000 0.000000 992.000000 0.000000 0.000000 0.000000 3000.000000 0.000000 0.000000 0.000000 0.000000 94.205437 30.138929 94.206108 30.138933 0.178924 
3770799649.000000 -1.129232 1.759365 17.787916 0.413402 -0.207434 -0.804468 0.000000 0.000000 3000.000000 0.000000 0.000000 992.000000 0.000000 0.000000 0.000000 3000.000000 0.000000 0.000000 0.000000 0.000000 94.205437 30.138929 94.205910 30.138933 0.178924 
3770900065.000000 -1.116035 1.759071 17.786207 0.330217 -0.251162 -0.618200 0.000000 0.000000 3000.000000 0.000000 0.000000 992.000000 0.000000 0.000000 0.000000 3000.000000 0.000000 0.000000 0.000000 0.000000 94.205437 30.138929 94.205772 30.138933 0.178924 
3771000545.000000 -1.105568 1.757761 17.784878 0.292048 -0.169284 -0.902458 0.000000 0.000000 3000.000000 0.000000 0.000000 992.000000 0.000000 0.000000 0.000000 3000.000000 0.000000 0.000000 0.000000 0.000000 94.205437 30.138929 94.205673 30.138933 0.178924 
3771100892.000000 -1.067798 1.762976 17.785110 0.370814 -0.186482 -0.875495 0.000000 0.000000 3000.000000 0.000000 0.000000 992.000000 0.000000 0.000000 0.000000 3000.000000 0.000000 0.000000 0.000000 0.000000 94.205437 30.138929 94.205605 30.138933 -0.499375 
3771201090.000000 -1.056726 1.759100 17.780521 0.519833 -0.110661 -0.938805 0.000000 0.000000 3000.000000 0.000000 0.000000 992.000000 0.000000 0.000000 0.000000 3000.000000 0.000000 0.000000 0.000000 0.000000 94.205437 30.138929 94.205559 30.138933 -0.499375 
3771301208.000000 -1.040427 1.753775 17.776321 0.578668 -0.264931 -0.866674 0.000000 0.000000 3000.000000 0.000000 0.000000 992.000000 0.000000 0.000000 0.000000 3000.000000 0.000000 0.000000 0.000000 0.000000 94.205437 30.138929 94.205528 30.138933 -0.499375 
3771401574.000000 -1.032130 1.752149 17.774960 0.593953 -0.121077 -0.815841 0.000000 0.000000 3000.000000 0.000000 0.000000 992.000000 0.000000 0.000000 0.000000 3000.000000 0.000000 0.000000 0.000000 0.000000 94.205437 30.138929 94.205505 30.138933 -0.499375 
3771501901.000000 -1.006335 1.748722 17.771156 0.560385 -0.320031 -0.950198 0.000000 0.000000 3000.000000 0.000000 0.000000 992.000000 0.000000 0.000000 0.000000 3000.000000 0.000000 0.000000 0.000000 0.000000 94.205437 30.138929 94.205490 30.138933 -0.499375 
3771601829.000000 -1.000019 1.758942 17.781073 0.345791 -0.144547 -0.839075 0.000000 0.000000 3000.000000 0.000000 0.000000 992.000000 0.000000 0.000000 0.000000 3000.000000 0.000000 0.000000 0.000000 0.000000 94.205437 30.138929 94.205475 30.138933 -0.499375 
3771702281.000000 -0.989158 1.759746 17.777348 0.318299 -0.057918 -0.628076 0.000000 0.000000 3000.000000 0.000000 0.000000 992.000000 0.000000 0.000000 0.000000 3000.000000 0.000000 0.000000 0.000000 0.000000 94.205437 30.138929 94.205467 30.138933 -0.499375 
3771802848.000000 -0.978975 1.757477 17.778999 0.432101 -0.198427 -0.917587 0.000000 0.000000 3000.000000 0.000000 0.000000 992.000000 0.000000 0.000000 0.000000 3000.000000 0.000000 0.000000 0.000000 0.000000 94.205437 30.138929 94.205460 30.138933 -0.499375 
3771903058.000000 -0.971102 1.758411 17.773930 0.199041 -0.163166 -1.057056 0.000000 0.000000 3000.000000 0.000000 0.000000 992.000000 0.000000 0.000000 0.000000 3000.000000 0.000000 0.000000 0.000000 0.000000 94.205437 30.138929 94.205452 30.138933 -0.499375 
3772003487.000000 -0.959907 1.756767 17.773512 0.548096 -0.096014 -0.926967 0.000000 0.000000 3000.000000 0.000000 0.000000 992.000000 0.000000 0.000000 0.000000 3000.000000 0.000000 0.000000 0.000000 0.000000 94.205437 30.138929 94.205452 30.138933 -0.499375 
3772104074.000000 -0.941393 1.759790 17.773729 0.503914 -0.025464 -0.702829 0.000000 0.000000 3000.000000 0.000000 0.000000 992.000000 0.000000 0.000000 0.000000 3000.000000 0.000000 0.000000 0.000000 0.000000 94.205437 30.138929 94.205452 30.138933 -0.376291 
3772204626.000000 -0.932451 1.759147 17.773434 0.296213 -0.245031 -0.828104 0.000000 0.000000 3000.000000 0.000000 0.000000 992.000000 0.000000 0.000000 0.000000 3000.000000 0.000000 0.000000 0.000000 0.000000 94.205437 30.138929 94.205452 30.138933 -0.376291 
3772304981.000000 -0.924729 1.759797 17.775595 0.318866 0.138636 -0.764579 0.000000 0.000000 3000.000000 0.000000 0.000000 992.000000 0.000000 0.000000 0.000000 3000.000000 0.000000 0.000000 0.000000 0.000000 94.205437 30.138929 94.205452 30.138933 -0.376291 
3772405395.000000 -0.918753 1.759429 17.776939 0.457573 -0.340237 -1.003453 0.000000 0.000000 3000.000000 0.000000 0.000000 992.000000 0.000000 0.000000 0.000000 3000.000000 0.000000 0.000000 0.000000 0.000000 94.205437 30.138929 94.205452 30.138933 -0.376291 
3772505554.000000 -0.913171 1.756619 17.775753 0.368300 -0.011242 -1.026224 0.000000 0.000000 3000.000000 0.000000 0.000000 992.000000 0.000000 0.000000 0.000000 3000.000000 0.000000 0.000000 0.000000 0.000000 94.205437 30.138929 94.205452 30.138933 -0.376291 
3772606101.000000 -0.926555 1.747938 17.774323 0.281350 -0.204669 -0.851605 0.000000 0.000000 3000.000000 0.000000 0.000000 992.000000 0.000000 0.000000 0.000000 3000.000000 0.000000 0.000000 0.000000 0.000000 94.205437 30.138929 94.205452 30.138933 -0.376291 
3772706649.000000 -0.921109 1.748971 17.772408 0.414702 -0.072414 -0.835452 0.000000 0.000000 3000.000000 0.000000 0.000000 992.000000 0.000000 0.000000 0.000000 3000.000000 0.000000 0.000000 0.000000 0.000000 94.223610 30.138929 94.210899 30.138933 -0.376291 
3772806822.000000 -0.909987 1.750623 17.770157 0.456278 -0.325144 -0.968452 0.000000 0.000000 3000.000000 0.000000 0.000000 992.000000 0.000000 0.000000 0.000000 3000.000000 0.000000 0.000000 0.000000 0.000000 94.205437 30.138929 94.209267 30.138933 -0.376291 
3772906903.000000 -0.904096 1.749942 17.766098 0.187372 -0.149316 -0.923780 0.000000 0.000000 3000.000000 0.000000 0.000000 992.000000 0.000000 0.000000 0.000000 3000.000000 0.000000 0.000000 0.000000 0.000000 94.205437 30.138929 94.208122 30.138933 -0.376291 
3773007300.000000 -0.898177 1.746768 17.761356 0.493544 -0.187779 -0.763648 0.000000 0.000000 3000.000000 0.000000 0.000000 992.000000 0.000000 0.000000 0.000000 3000.000000 0.000000 0.000000 0.000000 0.000000 94.223610 30.138929 94.212769 30.138933 -0.376291 
3773107367.000000 -0.897906 1.744588 17.761959 0.210818 0.056419 -0.774259 0.000000 0.000000 3000.000000 0.000000 0.000000 992.000000 0.000000 0.000000 0.000000 3000.000000 0.000000 0.000000 0.000000 0.000000 94.223610 30.138929 94.216019 30.138933 0.765557 
3773207741.000000 -0.889412 1.744272 17.758926 0.460479 -0.231050 -0.935211 0.000000 0.000000 3000.000000 0.000000 0.000000 992.000000 0.000000 0.000000 0.000000 3000.000000 0.000000 0.000000 0.000000 0.000000 94.205437 30.138929 94.212845 30.138933 0.765557 
3773307810.000000 -0.883730 1.744528 17.756857 0.341911 -0.298258 -1.000448 0.000000 0.000000 3000.000000 0.000000 0.000000 992.000000 0.000000 0.000000 0.000000 3000.000000 0.000000 0.000000 0.000000 0.000000 94.205437 30.138929 94.210625 30.138933 0.765557 
3773408474.000000 -0.877322 1.745231 17.754541 0.237532 -0.080698 -0.852229 0.000000 0.000000 3000.000000 0.000000 0.000000 992.000000 0.000000 0.000000 0.000000 3000.000000 0.000000 0.000000 0.000000 0.000000 94.205437 30.138929 94.209068 30.138933 0.765557 
3773508861.000000 -0.864295 1.744800 17.750883 0.386175 -0.044415 -1.082411 0.000000 0.000000 3000.000000 0.000000 0.000000 992.000000 0.000000 0.000000 0.000000 3000.000000 0.000000 0.000000 0.000000 0.000000 94.205437 30.138929 94.207985 30.138933 0.765557 
3773609632.000000 -0.859346 1.762478 17.744808 0.493016 -0.213545 -1.058479 0.000000 0.000000 3000.000000 0.000000 0.000000 992.000000 0.000000 0.000000 0.000000 3000.000000 0.000000 0.000000 0.000000 0.000000 94.205437 30.138929 94.207222 30.138933 0.765557 
3773710051.000000 -0.851666 1.758399 17.744598 0.409015 -0.309794 -0.885444 0.000000 0.000000 3000.000000 0.000000 0.000000 992.000000 0.000000 0.000000 0.000000 3000.000000 0.000000 0.000000 0.000000 0.000000 94.205437 30.138929 94.206688 30.138933 0.765557 
3773810501.000000 -0.846856 1.757505 17.745243 0.210950 0.009072 -1.050869 0.000000 0.000000 3000.000000 0.000000 0.000000 992.000000 0.000000 0.000000 0.000000 3000.000000 0.000000 0.000000 0.000000 0.000000 94.205437 30.138929 94.206314 30.138933 0.765557 
3773910668.000000 -0.837539 1.758344 17.742233 0.353996 -0.127013 -0.838156 0.000000 0.000000 3000.000000 0.000000 0.000000 992.000000 0.000000 0.000000 0.000000 3000.000000 0.000000 0.000000 0.000000 0.000000 94.205437 30.138929 94.206055 30.138933 0.765557 
3774011014.000000 -0.831111 1.757290 17.741987 0.263687 -0.161407 -0.966631 0.000000 0.000000 3000.000000 0.000000 0.000000 992.000000 0.000000 0.000000 0.000000 3000.000000 0.000000 0.000000 0.000000 0.000000 94.205437 30.138929 94.205872 30.138933 0.765557 
3774111142.000000 -0.822059 1.764259 17.738451 0.395463 -0.194657 -0.833686 0.000000 0.000000 3000.000000 0.000000 0.000000 992.000000 0.000000 0.000000 0.000000 3000.000000 0.000000 0.000000 0.000000 0.000000 94.205437 30.138929 94.205742 30.138933 1.066994 
3774211630.000000 -0.816502 1.757316 17.738956 0.387977 -0.493994 -0.855128 0.000000 0.000000 3000.000000 0.000000 0.000000 992.000000 0.000000 0.000000 0.000000 3000.000000 0.000000 0.000000 0.000000 0.000000 94.205437 30.138929 94.205650 30.138933 1.066994 
3774311821.000000 -0.809594 1.759982 17.736998 0.411765 -0.134926 -0.959412 0.000000 0.000000 3000.000000 0.000000 0.000000 992.000000 0.000000 0.000000 0.000000 3000.000000 0.000000 0.000000 0.000000 0.000000 94.205437 30.138929 94.205589 30.138933 1.066994 
3774412312.000000 -0.806633 1.760192 17.734591 0.401846 0.008448 -0.683479 0.000000 0.000000 3000.000000 0.000000 0.000000 992.000000 0.000000 0.000000 0.000000 3000.000000 0.000000 0.000000 0.000000 0.000000 94.205437 30.138929 94.205544 30.138933 1.066994 
3774512275.000000 -0.799809 1.757682 17.729404 0.381280 -0.423286 -0.943238 0.000000 0.000000 3000.000000 0.000000 0.000000 992.000000 0.000000 0.000000 0.000000 3000.000000 0.000000 0.000000 0.000000 0.000000 94.205437 30.138929 94.205513 30.138933 1.066994 
3774612590.000000 -0.720821 1.764320 17.734085 1.298869 -0.206809 -0.751559 0.000000 0.000000 3000.000000 0.000000 0.000000 992.000000 0.000000 0.000000 0.000000 3000.000000 0.000000 0.000000 0.000000 0.000000 94.205437 30.138929 94.205490 30.138933 1.066994 
3774713074.000000 -0.710056 1.769198 17.730637 0.268783 -0.237698 -0.903217 0.000000 0.000000 3000.000000 0.000000 0.000000 992.000000 0.000000 0.000000 0.000000 3000.000000 0.000000 0.000000 0.000000 0.000000 94.205437 30.138929 94.205475 30.138933 1.066994 
3774813438.000000 -0.708394 1.768309 17.728001 0.309526 -0.223981 -0.800689 0.000000 0.000000 3000.000000 0.000000 0.000000 992.000000 0.000000 0.000000 0.000000 3000.000000 0.000000 0.000000 0.000000 0.000000 94.205437 30.138929 94.205467 30.138933 1.066994 
3774913903.000000 -0.707850 1.767461 17.725199 0.542037 -0.264877 -0.875725 0.000000 0.000000 3000.000000 0.000000 0.000000 992.000000 0.000000 0.000000 0.000000 3000.000000 0.000000 0.000000 0.000000 0.000000 94.205437 30.138929 94.205460 30.138933 1.066994 
3775014142.000000 -0.708619 1.764925 17.721420 0.640947 -0.146008 -0.842529 0.000000 0.000000 3000.000000 0.000000 0.000000 992.000000 0.000000 0.000000 0.000000 3000.000000 0.000000 0.000000 0.000000 0.000000 94.205437 30.138929 94.205452 30.138933 1.066994 
3775114696.000000 -0.710826 1.768194 17.720385 0.423745 -0.223714 -0.813978 0.000000 0.000000 3000.000000 0.000000 0.000000 992.000000 0.000000 0.000000 0.000000 3000.000000 0.000000 0.000000 0.000000 0.000000 94.223610 30.138929 94.210899 30.138933 1.513714 
3775214843.000000 -0.699719 1.771520 17.715704 0.319612 -0.346320 -0.900343 0.000000 0.000000 3000.000000 0.000000 0.000000 992.000000 0.000000 0.000000 0.000000 3000.000000 0.000000 0.000000 0.000000 0.000000 94.205437 30.138929 94.209267 30.138933 1.513714 
3775315064.000000 -0.698229 1.771698 17.711796 0.233957 -0.169735 -1.052045 0.000000 0.000000 3000.000000 0.000000 0.000000 992.000000 0.000000 0.000000 0.000000 3000.000000 0.000000 0.000000 0.000000 0.000000 94.223610 30.138929 94.213570 30.138933 1.513714 
3775415169.000000 -0.691726 1.770435 17.712112 0.142548 -0.072435 -0.884079 0.000000 0.000000 3000.000000 0.000000 0.000000 992.000000 0.000000 0.000000 0.000000 3000.000000 0.000000 0.000000 0.000000 0.000000 94.223610 30.138929 94.216583 30.138933 1.513714 
3775515288.000000 -0.690291 1.767034 17.706524 0.338170 -0.186214 -0.713566 0.000000 0.000000 3000.000000 0.000000 0.000000 992.000000 0.000000 0.000000 0.000000 3000.000000 0.000000 0.000000 0.000000 0.000000 94.205437 30.138929 94.213242 30.138933 1.513714 
3775615669.000000 -0.672373 1.777544 17.700644 0.264653 -0.199970 -0.739481 0.000000 0.000000 3000.000000 0.000000 0.000000 992.000000 0.000000 0.000000 0.000000 3000.000000 0.000000 0.000000 0.000000 0.000000 94.205437 30.138929 94.210899 30.138933 1.513714 
3775716232.000000 -0.670256 1.776429 17.697624 0.506407 -0.272450 -0.785211 0.000000 0.000000 3000.000000 0.000000 0.000000 992.000000 0.000000 0.000000 0.000000 3000.000000 0.000000 0.000000 0.000000 0.000000 94.205437 30.138929 94.209267 30.138933 1.513714 
3775816608.000000 -0.669346 1.778044 17.694506 0.304502 -0.356758 -0.869375 0.000000 0.000000 3000.000000 0.000000 0.000000 992.000000 0.000000 0.000000 0.000000 3000.000000 0.000000 0.000000 0.000000 0.000000 94.223610 30.138929 94.213570 30.138933 1.513714 
3775916926.000000 -0.666649 1.780876 17.693163 0.479715 -0.118321 -1.035362 0.000000 0.000000 3000.000000 0.000000 0.000000 992.000000 0.000000 0.000000 0.000000 3000.000000 0.000000 0.000000 0.000000 0.000000 94.205437 30.138929 94.211136 30.138933 1.513714 
3776017203.000000 -0.640478 1.782045 17.694439 0.447368 -0.343563 -1.120880 0.000000 0.000000 3000.000000 0.000000 0.000000 992.000000 0.000000 0.000000 0.000000 3000.000000 0.000000 0.000000 0.000000 0.000000 94.205437 30.138929 94.209427 30.138933 1.513714 
3776117350.000000 -0.632996 1.780724 17.694733 0.454708 -0.254178 -0.880860 0.000000 0.000000 3000.000000 0.000000 0.000000 992.000000 0.000000 0.000000 0.000000 3000.000000 0.000000 0.000000 0.000000 0.000000 94.223610 30.138929 94.213676 30.138933 0.096511 
3776217695.000000 -0.628666 1.778770 17.697968 0.490377 -0.312902 -0.947467 0.000000 0.000000 3000.000000 0.000000 0.000000 992.000000 0.000000 0.000000 0.000000 3000.000000 0.000000 0.000000 0.000000 0.000000 94.205437 30.138929 94.211205 30.138933 0.096511 
3776317667.000000 -0.626099 1.778736 17.693438 0.292497 -0.183705 -0.855610 0.000000 0.000000 3000.000000 0.000000 0.000000 992.000000 0.000000 0.000000 0.000000 3000.000000 0.000000 0.000000 0.000000 0.000000 94.205437 30.138929 94.209480 30.138933 0.096511 
3776418170.000000 -0.624503 1.775526 17.690231 0.488022 -0.367629 -0.927572 0.000000 0.000000 3000.000000 0.000000 0.000000 992.000000 0.000000 0.000000 0.000000 3000.000000 0.000000 0.000000 0.000000 0.000000 94.205437 30.138929 94.208267 30.138933 0.096511 
3776518601.000000 -0.620444 1.772246 17.689531 0.376535 -0.273954 -0.916872 0.000000 0.000000 3000.000000 0.000000 0.000000 992.000000 0.000000 0.000000 0.000000 3000.000000 0.000000 0.000000 0.000000 0.000000 94.205437 30.138929 94.207420 30.138933 0.096511 
3776618674.000000 -0.600854 1.767256 17.681059 0.370970 -0.354645 -0.851034 0.000000 0.000000 3000.000000 0.000000 0.000000 992.000000 0.000000 0.000000 0.000000 3000.000000 0.000000 0.000000 0.000000 0.000000 94.205437 30.138929 94.206825 30.138933 0.096511 
3776719329.000000 -0.592566 1.766728 17.677460 0.604812 -0.098711 -0.779184 0.000000 0.000000 3000.000000 0.000000 0.000000 992.000000 0.000000 0.000000 0.000000 3000.000000 0.000000 0.000000 0.000000 0.000000 94.205437 30.138929 94.206413 30.138933 0.096511 
3776819893.000000 -0.587688 1.767807 17.675863 0.349637 -0.335434 -1.026265 0.000000 0.000000 3000.000000 0.000000 0.000000 992.000000 0.000000 0.000000 0.000000 3000.000000 0.000000 0.000000 0.000000 0.000000 94.223610 30.138929 94.211571 30.138933 0.096511 
3776919994.000000 -0.588753 1.768252 17.672388 0.463039 -0.414840 -0.904663 0.000000 0.000000 3000.000000 0.000000 0.000000 992.000000 0.000000 0.000000 0.000000 3000.000000 0.000000 0.000000 0.000000 0.000000 94.205437 30.138929 94.209732 30.138933 0.096511 
3777020454.000000 -0.587168 1.766985 17.669819 0.401955 -0.215598 -0.824486 0.000000 0.000000 3000.000000 0.000000 0.000000 992.000000 0.000000 0.000000 0.000000 3000.000000 0.000000 0.000000 0.000000 0.000000 94.205437 30.138929 94.208443 30.138933 0.096511 
