Fri Mar 19 15:22:04 2021
 1206975654.000000 0.259196 1.016552 0.098092 0.676495 1.148446 -0.080667 2017.000000 1483.000000 1752.000000 1190.000000 992.000000 992.000000 1190.000000 2017.000000 1483.000000 1752.000000 0.000000 0.000000 0.000000 0.000000 2.880387 4.082564 0.000000 0.000000 -2.416281 
1207101553.000000 0.240254 1.003063 0.109054 0.567192 0.903446 0.186048 1857.000000 1505.000000 1732.000000 1329.000000 993.000000 992.000000 1329.000000 1857.000000 1505.000000 1732.000000 0.000000 0.000000 0.000000 0.000000 2.194312 3.631213 1.379002 1.946703 -2.416281 
1207201831.000000 0.250402 1.003598 0.113704 0.728541 0.993917 0.400744 1519.000000 1506.000000 1571.000000 1316.000000 992.000000 992.000000 1316.000000 1519.000000 1506.000000 1571.000000 0.000000 0.000000 0.000000 0.000000 3.431945 2.479595 1.994885 2.106570 -2.416281 
1207302053.000000 0.249133 1.000422 0.116329 0.474043 1.093689 -0.031186 1506.000000 1505.000000 1497.000000 1258.000000 992.000000 992.000000 1258.000000 1506.000000 1505.000000 1497.000000 0.000000 0.000000 0.000000 0.000000 2.880387 4.082564 2.260536 2.699369 -0.888103 
1207402546.000000 0.235011 1.002639 0.117623 0.838988 0.889743 0.077288 1506.000000 1504.000000 1496.000000 1195.000000 993.000000 992.000000 1195.000000 1506.000000 1504.000000 1496.000000 0.000000 0.000000 0.000000 0.000000 3.431945 2.479595 2.611959 2.633437 -0.888103 
1207503032.000000 0.232282 0.999116 0.118872 0.944218 1.189246 0.358434 1513.000000 1504.000000 1496.000000 1122.000000 993.000000 992.000000 1122.000000 1513.000000 1504.000000 1496.000000 0.000000 0.000000 0.000000 0.000000 2.880387 3.631213 2.692487 2.932770 -0.888103 
1207603038.000000 0.228311 0.995100 0.118867 0.685052 1.081220 0.263700 1513.000000 1504.000000 1498.000000 1077.000000 992.000000 992.000000 1077.000000 1513.000000 1504.000000 1498.000000 0.000000 0.000000 0.000000 0.000000 2.880387 4.082564 2.748857 3.277708 -0.888103 
1207703703.000000 0.229508 0.991657 0.117364 0.924297 0.887550 -0.030292 1513.000000 1504.000000 1496.000000 1076.000000 992.000000 992.000000 1076.000000 1513.000000 1504.000000 1496.000000 0.000000 0.000000 0.000000 0.000000 2.880387 3.631213 2.788316 3.383760 -0.888103 
1207804368.000000 0.230864 0.993887 0.121684 0.608546 0.876048 0.226248 1513.000000 1504.000000 1496.000000 1076.000000 992.000000 992.000000 1076.000000 1513.000000 1504.000000 1496.000000 0.000000 0.000000 0.000000 0.000000 2.194312 3.631213 2.610115 3.457996 -0.888103 
1207905061.000000 0.231178 0.994900 0.121154 0.755029 1.184426 0.185326 1513.000000 1504.000000 1497.000000 1076.000000 993.000000 992.000000 1076.000000 1513.000000 1504.000000 1497.000000 0.000000 0.000000 0.000000 0.000000 3.431945 3.115139 2.856664 3.355139 -0.888103 
1208005691.000000 0.242755 0.992594 0.119395 0.716699 1.223564 0.052965 1513.000000 1504.000000 1496.000000 994.000000 992.000000 992.000000 994.000000 1513.000000 1504.000000 1496.000000 0.000000 0.000000 0.000000 0.000000 3.915858 3.115139 3.174422 3.283139 -0.888103 
1208106043.000000 0.241745 0.996690 0.121651 0.525783 0.908823 0.134247 1512.000000 1504.000000 1497.000000 995.000000 993.000000 992.000000 995.000000 1512.000000 1504.000000 1497.000000 0.000000 0.000000 0.000000 0.000000 3.431945 3.115139 3.251679 3.232739 -0.888103 
1208206038.000000 0.231483 0.995413 0.125256 0.683571 0.964318 -0.015560 1513.000000 1504.000000 1495.000000 994.000000 992.000000 992.000000 994.000000 1513.000000 1504.000000 1495.000000 0.000000 0.000000 0.000000 0.000000 2.194312 3.115139 2.934469 3.197459 -0.888103 
1208306388.000000 0.234666 0.997708 0.124045 0.921305 0.978513 0.236122 1513.000000 1504.000000 1495.000000 994.000000 992.000000 992.000000 994.000000 1513.000000 1504.000000 1495.000000 0.000000 0.000000 0.000000 0.000000 2.880387 3.115139 2.918244 3.172763 -0.507710 
1208406535.000000 0.228520 0.993441 0.125363 0.452642 1.175359 0.229459 1513.000000 1504.000000 1497.000000 994.000000 992.000000 992.000000 994.000000 1513.000000 1504.000000 1497.000000 0.000000 0.000000 0.000000 0.000000 2.880387 3.115139 2.906887 3.155476 -0.507710 
1208507171.000000 0.224347 0.994923 0.127224 0.767044 1.038761 0.167442 1512.000000 1504.000000 1496.000000 994.000000 993.000000 992.000000 994.000000 1512.000000 1504.000000 1496.000000 0.000000 0.000000 0.000000 0.000000 4.337691 3.631213 3.336128 3.298197 -0.507710 
1208607203.000000 0.258210 0.984180 0.125086 0.772667 1.219146 0.223866 1513.000000 1504.000000 1496.000000 995.000000 992.000000 992.000000 995.000000 1513.000000 1504.000000 1496.000000 0.000000 0.000000 0.000000 0.000000 2.880387 3.115139 3.199406 3.243280 -0.507710 
1208707275.000000 0.256521 0.987735 0.124411 0.551695 1.055762 0.143881 1513.000000 1504.000000 1496.000000 994.000000 992.000000 992.000000 994.000000 1513.000000 1504.000000 1496.000000 0.000000 0.000000 0.000000 0.000000 2.880387 2.479595 3.103700 3.014174 -0.507710 
1208807960.000000 0.244863 0.988250 0.127617 1.150964 0.939122 0.192173 1513.000000 1504.000000 1496.000000 994.000000 993.000000 992.000000 994.000000 1513.000000 1504.000000 1496.000000 0.000000 0.000000 0.000000 0.000000 1.122190 3.115139 2.509247 3.044464 -0.507710 
1208908600.000000 0.256748 0.989136 0.129152 1.238763 1.031493 0.133525 1513.000000 1505.000000 1496.000000 994.000000 992.000000 992.000000 994.000000 1513.000000 1505.000000 1496.000000 0.000000 0.000000 0.000000 0.000000 2.880387 4.082564 2.620589 3.355894 -0.507710 
1209008591.000000 0.255168 0.991225 0.128783 1.052396 1.196595 0.083127 1512.000000 1504.000000 1497.000000 995.000000 993.000000 992.000000 995.000000 1512.000000 1504.000000 1497.000000 0.000000 0.000000 0.000000 0.000000 1.122190 3.631213 2.171069 3.438490 -0.507710 
1209109222.000000 0.262625 1.000658 0.130466 0.561840 1.168976 0.060668 1513.000000 1504.000000 1496.000000 994.000000 992.000000 992.000000 994.000000 1513.000000 1504.000000 1496.000000 0.000000 0.000000 0.000000 0.000000 3.431945 3.631213 2.549332 3.496307 -0.507710 
