Wed Feb 24 19:20:47 2021
 4087656720.000000 -0.638418 0.821851 1.267240 0.649584 1.015268 0.349165 1509.000000 1503.000000 1489.000000 992.000000 1504.000000 992.000000 992.000000 1509.000000 1503.000000 1489.000000 0.000000 0.000000 0.000000 0.000000 0.000000 1.415800 5.590862 6.092766 4.773549 
4087756973.000000 -0.622026 0.831424 1.264479 0.459942 1.407274 0.238426 1509.000000 1504.000000 1490.000000 992.000000 1505.000000 992.000000 992.000000 1509.000000 1504.000000 1490.000000 0.000000 0.000000 0.000000 0.000000 1.389335 2.359667 4.330404 4.972836 4.773549 
4087857597.000000 -0.616553 0.826095 1.263044 0.726995 0.926096 0.407933 1509.000000 1504.000000 1490.000000 992.000000 1505.000000 992.000000 992.000000 1509.000000 1504.000000 1490.000000 0.000000 0.000000 0.000000 0.000000 0.000000 1.415800 3.031283 3.905725 4.773549 
4087958212.000000 -0.603778 0.819651 1.275079 0.538728 1.099712 0.112885 1509.000000 1503.000000 1489.000000 993.000000 1505.000000 992.000000 993.000000 1509.000000 1503.000000 1489.000000 0.000000 0.000000 0.000000 0.000000 0.000000 2.359667 2.121898 3.441908 4.773549 
4088058760.000000 -0.592439 0.821712 1.275977 0.654731 1.223316 0.224010 1510.000000 1503.000000 1490.000000 992.000000 1504.000000 992.000000 992.000000 1510.000000 1503.000000 1490.000000 0.000000 0.000000 0.000000 0.000000 0.000000 1.415800 1.485329 2.834075 4.773549 
4088159372.000000 -0.583475 0.831418 1.276096 0.383508 1.073078 0.151781 1509.000000 1503.000000 1490.000000 993.000000 1504.000000 992.000000 993.000000 1509.000000 1503.000000 1490.000000 0.000000 0.000000 0.000000 0.000000 0.000000 1.415800 1.039730 2.408593 4.773549 
4088260021.000000 -0.581181 0.831306 1.272558 0.930438 0.850447 0.003497 1509.000000 1503.000000 1489.000000 992.000000 1505.000000 992.000000 992.000000 1509.000000 1503.000000 1489.000000 0.000000 0.000000 0.000000 0.000000 0.000000 2.359667 0.727811 2.393915 4.773549 
4088360645.000000 -0.577847 0.840999 1.273735 0.815911 1.128687 0.258197 1509.000000 1503.000000 1489.000000 992.000000 1505.000000 992.000000 992.000000 1509.000000 1503.000000 1489.000000 0.000000 0.000000 0.000000 0.000000 0.000000 0.000000 0.509468 1.675741 4.773549 
4088460713.000000 -0.567093 0.852069 1.274473 0.555262 1.531643 0.350673 1510.000000 1503.000000 1490.000000 992.000000 1504.000000 992.000000 992.000000 1510.000000 1503.000000 1490.000000 0.000000 0.000000 0.000000 0.000000 1.389335 0.000000 0.773428 1.173018 5.591822 
4088561004.000000 -0.558865 0.851802 1.273112 0.178316 0.804883 0.105412 1509.000000 1504.000000 1490.000000 992.000000 1504.000000 992.000000 992.000000 1509.000000 1504.000000 1490.000000 0.000000 0.000000 0.000000 0.000000 2.997180 0.000000 1.440554 0.821113 5.591822 
4088661379.000000 -0.557690 0.855706 1.274248 0.601816 1.197497 0.241925 1509.000000 1504.000000 1490.000000 992.000000 1504.000000 992.000000 992.000000 1509.000000 1504.000000 1490.000000 0.000000 0.000000 0.000000 0.000000 0.000000 1.415800 1.008387 0.999519 5.591822 
4088761699.000000 -0.558262 0.861996 1.276908 0.990725 0.842974 0.223212 1509.000000 1503.000000 1489.000000 993.000000 1505.000000 992.000000 993.000000 1509.000000 1503.000000 1489.000000 0.000000 0.000000 0.000000 0.000000 0.000000 1.415800 0.705871 1.124404 5.591822 
4088861889.000000 -0.555317 0.861822 1.275669 0.787341 0.861945 -0.048008 1508.000000 1503.000000 1490.000000 993.000000 1505.000000 992.000000 993.000000 1508.000000 1503.000000 1490.000000 0.000000 0.000000 0.000000 0.000000 1.389335 1.415800 0.910910 1.211823 5.591822 
4088962448.000000 -0.561450 0.841684 1.278560 0.321277 1.404835 0.032657 1509.000000 1503.000000 1489.000000 992.000000 1505.000000 992.000000 992.000000 1509.000000 1503.000000 1489.000000 0.000000 0.000000 0.000000 0.000000 1.389335 2.359667 1.054438 1.556176 5.591822 
4089063127.000000 -0.554293 0.847473 1.274639 0.734719 0.785536 0.122287 1510.000000 1503.000000 1489.000000 992.000000 1504.000000 992.000000 992.000000 1510.000000 1503.000000 1489.000000 0.000000 0.000000 0.000000 0.000000 2.327993 2.359667 1.436504 1.797224 5.591822 
4089163687.000000 -0.546880 0.850109 1.275528 1.021423 1.077798 -0.022130 1509.000000 1503.000000 1489.000000 992.000000 1505.000000 992.000000 992.000000 1509.000000 1503.000000 1489.000000 0.000000 0.000000 0.000000 0.000000 0.000000 0.000000 1.005553 1.258057 5.591822 
4089263879.000000 -0.545685 0.847898 1.275677 0.492814 0.926018 0.094594 1508.000000 1502.000000 1489.000000 993.000000 1505.000000 992.000000 993.000000 1508.000000 1502.000000 1489.000000 0.000000 0.000000 0.000000 0.000000 0.000000 1.415800 0.703887 1.305380 5.591822 
4089363889.000000 -0.547714 0.859585 1.277903 0.428763 1.359470 0.427123 1509.000000 1503.000000 1489.000000 992.000000 1505.000000 992.000000 992.000000 1509.000000 1503.000000 1489.000000 0.000000 0.000000 0.000000 0.000000 2.327993 2.359667 1.191119 1.621666 5.591822 
4089464384.000000 -0.547606 0.858834 1.278984 0.671475 0.754439 0.102885 1509.000000 1503.000000 1490.000000 992.000000 1505.000000 992.000000 992.000000 1509.000000 1503.000000 1490.000000 0.000000 0.000000 0.000000 0.000000 1.389335 2.359667 1.250583 1.843066 5.642624 
4089564306.000000 -0.545865 0.863143 1.284219 0.804193 1.102802 0.335664 1510.000000 1503.000000 1489.000000 992.000000 1504.000000 992.000000 992.000000 1510.000000 1503.000000 1489.000000 0.000000 0.000000 0.000000 0.000000 1.389335 0.000000 1.292209 1.290146 5.642624 
4089664955.000000 -0.544726 0.868050 1.285352 0.468420 1.262074 0.317306 1509.000000 1503.000000 1489.000000 992.000000 1505.000000 992.000000 992.000000 1509.000000 1503.000000 1489.000000 0.000000 0.000000 0.000000 0.000000 1.389335 1.415800 1.321347 1.327843 5.642624 
4089765018.000000 -0.540613 0.866748 1.286155 0.848579 0.985119 0.043199 1510.000000 1503.000000 1490.000000 992.000000 1504.000000 992.000000 992.000000 1510.000000 1503.000000 1490.000000 0.000000 0.000000 0.000000 0.000000 2.327993 0.000000 1.623340 0.929490 5.642624 
4089904417.000000 -0.538893 0.869266 1.295818 0.945182 0.828202 0.337432 1509.000000 1504.000000 1490.000000 992.000000 1504.000000 992.000000 992.000000 1509.000000 1504.000000 1490.000000 0.000000 0.000000 0.000000 0.000000 1.389335 2.359667 1.553139 1.358543 5.642624 
4090004797.000000 -0.531613 0.867576 1.295760 0.413852 1.328927 0.189926 1508.000000 1503.000000 1489.000000 993.000000 1504.000000 992.000000 993.000000 1508.000000 1503.000000 1489.000000 0.000000 0.000000 0.000000 0.000000 1.389335 0.000000 1.503997 0.950980 5.642624 
4090104979.000000 -0.528027 0.874527 1.298628 0.445720 0.994468 -0.052540 1509.000000 1503.000000 1489.000000 992.000000 1505.000000 992.000000 992.000000 1509.000000 1503.000000 1489.000000 0.000000 0.000000 0.000000 0.000000 0.000000 0.000000 1.052798 0.665686 5.642624 
4090205099.000000 -0.535981 0.878604 1.298756 1.324193 0.869268 0.003663 1510.000000 1503.000000 1489.000000 992.000000 1504.000000 992.000000 992.000000 1510.000000 1503.000000 1489.000000 0.000000 0.000000 0.000000 0.000000 0.000000 0.000000 0.736959 0.465980 5.642624 
4090305628.000000 -0.538154 0.883100 1.299555 0.853014 0.861465 0.172781 1509.000000 1504.000000 1490.000000 992.000000 1504.000000 992.000000 992.000000 1509.000000 1504.000000 1490.000000 0.000000 0.000000 0.000000 0.000000 0.000000 1.415800 0.515871 0.750926 5.642624 
4090405842.000000 -0.536271 0.885799 1.299464 0.246797 1.735447 0.362626 1509.000000 1503.000000 1489.000000 992.000000 1504.000000 992.000000 992.000000 1509.000000 1503.000000 1489.000000 0.000000 0.000000 0.000000 0.000000 2.327993 0.000000 1.059508 0.525648 5.642624 
4090506411.000000 -0.531110 0.886776 1.300115 0.773785 0.893248 0.084454 1510.000000 1503.000000 1489.000000 992.000000 1504.000000 992.000000 992.000000 1510.000000 1503.000000 1489.000000 0.000000 0.000000 0.000000 0.000000 0.000000 2.359667 0.741655 1.075854 6.373287 
4090606995.000000 -0.523648 0.880402 1.298796 0.988955 1.000162 0.322347 1510.000000 1503.000000 1489.000000 992.000000 1504.000000 992.000000 992.000000 1510.000000 1503.000000 1489.000000 0.000000 0.000000 0.000000 0.000000 0.000000 2.359667 0.519159 1.460998 6.373287 
4090707609.000000 -0.531605 0.880736 1.300420 0.717186 0.718383 0.109175 1509.000000 1505.000000 1490.000000 992.000000 1505.000000 992.000000 992.000000 1509.000000 1505.000000 1490.000000 0.000000 0.000000 0.000000 0.000000 2.327993 1.415800 1.061809 1.447439 6.373287 
4090808228.000000 -0.536241 0.877247 1.300984 0.649228 1.103531 0.135464 1510.000000 1503.000000 1489.000000 992.000000 1504.000000 992.000000 992.000000 1510.000000 1503.000000 1489.000000 0.000000 0.000000 0.000000 0.000000 2.327993 0.000000 1.441664 1.013207 6.373287 
4090908611.000000 -0.533270 0.898936 1.307015 0.597728 0.989826 0.306609 1508.000000 1503.000000 1489.000000 993.000000 1505.000000 992.000000 993.000000 1508.000000 1503.000000 1489.000000 0.000000 0.000000 0.000000 0.000000 0.000000 0.000000 1.009165 0.709245 6.373287 
4091009184.000000 -0.529035 0.899049 1.306059 0.970834 1.121507 0.161723 1510.000000 1503.000000 1489.000000 992.000000 1504.000000 992.000000 992.000000 1510.000000 1503.000000 1489.000000 0.000000 0.000000 0.000000 0.000000 0.000000 1.415800 0.706415 0.921212 6.373287 
4091109790.000000 -0.536605 0.892032 1.306170 1.245535 1.235986 0.157293 1509.000000 1503.000000 1489.000000 992.000000 1505.000000 992.000000 992.000000 1509.000000 1503.000000 1489.000000 0.000000 0.000000 0.000000 0.000000 0.000000 1.415800 0.494491 1.069588 6.373287 
4091210428.000000 -0.538709 0.896600 1.308507 0.591306 0.962301 0.096258 1509.000000 1504.000000 1490.000000 992.000000 1505.000000 992.000000 992.000000 1509.000000 1504.000000 1490.000000 0.000000 0.000000 0.000000 0.000000 0.000000 0.000000 0.346144 0.748712 6.373287 
4091311072.000000 -0.540485 0.894892 1.311060 0.362621 1.213025 0.167843 1509.000000 1503.000000 1489.000000 992.000000 1505.000000 992.000000 992.000000 1509.000000 1503.000000 1489.000000 0.000000 0.000000 0.000000 0.000000 0.000000 0.000000 0.242300 0.524098 6.373287 
4091411288.000000 -0.535671 0.892691 1.314971 0.803420 1.326676 0.289312 1510.000000 1503.000000 1489.000000 992.000000 1504.000000 992.000000 992.000000 1510.000000 1503.000000 1489.000000 0.000000 0.000000 0.000000 0.000000 1.389335 0.000000 0.586411 0.366869 6.373287 
4091512010.000000 -0.542081 0.887229 1.311954 1.118254 0.803567 0.158774 1510.000000 1503.000000 1490.000000 992.000000 1504.000000 992.000000 992.000000 1510.000000 1503.000000 1490.000000 0.000000 0.000000 0.000000 0.000000 2.327993 0.000000 1.108885 0.256808 5.265385 
4091613255.000000 -0.538212 0.884685 1.309844 0.642920 0.933994 0.096816 1509.000000 1503.000000 1489.000000 992.000000 1504.000000 992.000000 992.000000 1509.000000 1503.000000 1489.000000 0.000000 0.000000 0.000000 0.000000 1.389335 1.415800 1.193020 0.604506 5.265385 
4091714037.000000 -0.528851 0.884661 1.310261 0.213508 1.105380 0.293003 1509.000000 1504.000000 1490.000000 992.000000 1504.000000 992.000000 992.000000 1509.000000 1504.000000 1490.000000 0.000000 0.000000 0.000000 0.000000 0.000000 0.000000 0.835114 0.423154 5.265385 
4091814517.000000 -0.529035 0.885730 1.311302 0.743481 1.014022 0.327412 1510.000000 1503.000000 1489.000000 992.000000 1504.000000 992.000000 992.000000 1510.000000 1503.000000 1489.000000 0.000000 0.000000 0.000000 0.000000 0.000000 0.000000 0.584580 0.296208 5.265385 
4091915096.000000 -0.508000 0.883848 1.300681 1.193182 0.867898 -0.050721 1509.000000 1504.000000 1490.000000 992.000000 1504.000000 992.000000 992.000000 1509.000000 1504.000000 1490.000000 0.000000 0.000000 0.000000 0.000000 0.000000 0.000000 0.409206 0.207346 5.265385 
4092015944.000000 -0.512989 0.883956 1.299752 0.416152 1.122335 0.190145 1509.000000 1504.000000 1490.000000 992.000000 1504.000000 992.000000 992.000000 1509.000000 1504.000000 1490.000000 0.000000 0.000000 0.000000 0.000000 0.000000 2.359667 0.286444 0.853042 5.265385 
4092116404.000000 -0.511946 0.882683 1.298552 0.493689 0.914477 0.150779 1509.000000 1503.000000 1489.000000 992.000000 1505.000000 992.000000 992.000000 1509.000000 1503.000000 1489.000000 0.000000 0.000000 0.000000 0.000000 0.000000 0.000000 0.200511 0.597129 5.265385 
4092217222.000000 -0.508201 0.878710 1.304431 1.094347 0.770640 0.169552 1510.000000 1503.000000 1489.000000 992.000000 1504.000000 992.000000 992.000000 1510.000000 1503.000000 1489.000000 0.000000 0.000000 0.000000 0.000000 1.389335 1.415800 0.557158 0.842731 5.265385 
4092317958.000000 -0.513279 0.882634 1.303335 0.981215 1.221042 0.186987 1509.000000 1504.000000 1490.000000 992.000000 1504.000000 992.000000 992.000000 1509.000000 1504.000000 1490.000000 0.000000 0.000000 0.000000 0.000000 2.327993 0.000000 1.088408 0.589912 5.265385 
4092418634.000000 -0.517182 0.881112 1.304540 0.655427 1.132990 0.128700 1509.000000 1503.000000 1490.000000 992.000000 1505.000000 992.000000 992.000000 1509.000000 1503.000000 1490.000000 0.000000 0.000000 0.000000 0.000000 2.327993 0.000000 1.460284 0.412938 5.265385 
4092519229.000000 -0.511247 0.879452 1.303489 0.601530 1.013222 0.098039 1509.000000 1503.000000 1489.000000 992.000000 1505.000000 992.000000 992.000000 1509.000000 1503.000000 1489.000000 0.000000 0.000000 0.000000 0.000000 1.389335 2.359667 1.438999 0.996957 4.281692 
4092619808.000000 -0.506911 0.881296 1.304027 0.953587 0.948922 0.304604 1510.000000 1504.000000 1490.000000 992.000000 1504.000000 992.000000 992.000000 1510.000000 1504.000000 1490.000000 0.000000 0.000000 0.000000 0.000000 1.389335 0.000000 1.424100 0.697870 4.281692 
4092720439.000000 -0.516694 0.874858 1.304966 0.517833 0.995296 0.161059 1509.000000 1503.000000 1490.000000 992.000000 1505.000000 992.000000 992.000000 1509.000000 1503.000000 1490.000000 0.000000 0.000000 0.000000 0.000000 0.000000 0.000000 0.996870 0.488509 4.281692 
4092821000.000000 -0.518499 0.874048 1.302700 0.603075 0.919003 0.159761 1508.000000 1503.000000 1490.000000 993.000000 1505.000000 992.000000 993.000000 1508.000000 1503.000000 1490.000000 0.000000 0.000000 0.000000 0.000000 0.000000 1.415800 0.697809 0.766696 4.281692 
4092921260.000000 -0.493638 0.878139 1.314156 0.900731 0.443911 -0.208821 1509.000000 1504.000000 1490.000000 992.000000 1504.000000 992.000000 992.000000 1509.000000 1504.000000 1490.000000 0.000000 0.000000 0.000000 0.000000 2.327993 0.000000 1.186864 0.536687 4.281692 
4093021928.000000 -0.500126 0.870418 1.316162 0.589099 0.907444 0.092014 1509.000000 1503.000000 1490.000000 992.000000 1505.000000 992.000000 992.000000 1509.000000 1503.000000 1490.000000 0.000000 0.000000 0.000000 0.000000 0.000000 1.415800 0.830805 0.800421 4.281692 
4093121979.000000 -0.504146 0.878639 1.316849 1.019065 0.985935 0.210760 1510.000000 1503.000000 1490.000000 992.000000 1504.000000 992.000000 992.000000 1510.000000 1503.000000 1490.000000 0.000000 0.000000 0.000000 0.000000 2.327993 0.000000 1.279961 0.560295 4.281692 
4093222585.000000 -0.501256 0.875605 1.319563 0.600033 0.780838 -0.030671 1509.000000 1504.000000 1490.000000 992.000000 1505.000000 992.000000 992.000000 1509.000000 1504.000000 1490.000000 0.000000 0.000000 0.000000 0.000000 0.000000 2.359667 0.895973 1.100107 4.281692 
4093322687.000000 -0.502893 0.882483 1.324045 0.301471 0.685385 0.008399 1509.000000 1504.000000 1490.000000 992.000000 1504.000000 992.000000 992.000000 1509.000000 1504.000000 1490.000000 0.000000 0.000000 0.000000 0.000000 1.389335 0.000000 1.043981 0.770075 4.281692 
4093422953.000000 -0.501761 0.890259 1.328678 0.552488 0.819669 0.258688 1509.000000 1503.000000 1490.000000 993.000000 1504.000000 992.000000 993.000000 1509.000000 1503.000000 1490.000000 0.000000 0.000000 0.000000 0.000000 0.000000 2.359667 0.730787 1.246953 4.281692 
4093522955.000000 -0.499523 0.890633 1.328726 1.329940 0.932430 0.101535 1509.000000 1504.000000 1490.000000 992.000000 1504.000000 992.000000 992.000000 1509.000000 1504.000000 1490.000000 0.000000 0.000000 0.000000 0.000000 0.000000 2.359667 0.511551 1.580767 4.076294 
4093622947.000000 -0.507185 0.889752 1.330282 0.707029 1.380124 0.291951 1508.000000 1503.000000 1489.000000 993.000000 1505.000000 992.000000 993.000000 1508.000000 1503.000000 1489.000000 0.000000 0.000000 0.000000 0.000000 1.389335 1.415800 0.774886 1.531277 4.076294 
4093723575.000000 -0.513283 0.889425 1.338094 0.182178 1.220782 0.342931 1510.000000 1503.000000 1490.000000 992.000000 1504.000000 992.000000 992.000000 1510.000000 1503.000000 1490.000000 0.000000 0.000000 0.000000 0.000000 2.327993 1.415800 1.240818 1.496634 4.076294 
4093824198.000000 -0.500592 0.884767 1.338968 0.840739 0.963564 0.126837 1510.000000 1503.000000 1490.000000 992.000000 1504.000000 992.000000 992.000000 1510.000000 1503.000000 1490.000000 0.000000 0.000000 0.000000 0.000000 2.997180 1.415800 1.767727 1.472384 4.076294 
4093924634.000000 -0.506655 0.898145 1.335274 1.118948 1.230325 0.275861 1510.000000 1503.000000 1489.000000 992.000000 1239.000000 992.000000 992.000000 1510.000000 1503.000000 1489.000000 0.000000 0.000000 0.000000 0.000000 1.389335 1.415800 1.654209 1.455409 4.076294 
4094025073.000000 -0.510391 0.889792 1.334753 0.892614 0.857273 -0.027364 1510.000000 1503.000000 1489.000000 992.000000 1239.000000 992.000000 992.000000 1510.000000 1503.000000 1489.000000 0.000000 0.000000 0.000000 0.000000 3.531627 0.000000 2.217434 1.018786 4.076294 
4094125182.000000 -0.509305 0.897046 1.337718 0.251995 1.126808 0.262762 1510.000000 1503.000000 1489.000000 992.000000 1239.000000 992.000000 992.000000 1510.000000 1503.000000 1489.000000 0.000000 0.000000 0.000000 0.000000 0.000000 1.415800 1.552204 1.137891 4.076294 
4094225374.000000 -0.508399 0.892419 1.339135 0.792140 1.388076 0.378718 1510.000000 1503.000000 1489.000000 992.000000 1239.000000 992.000000 992.000000 1510.000000 1503.000000 1489.000000 0.000000 0.000000 0.000000 0.000000 2.327993 1.415800 1.784941 1.221264 4.076294 
4094325728.000000 -0.509263 0.886723 1.337728 0.488290 0.519002 -0.037808 1509.000000 1504.000000 1490.000000 992.000000 1239.000000 992.000000 992.000000 1509.000000 1504.000000 1490.000000 0.000000 0.000000 0.000000 0.000000 1.389335 1.415800 1.666259 1.279625 4.076294 
4094426036.000000 -0.514525 0.895595 1.343427 0.525798 0.874752 0.081883 1509.000000 1504.000000 1490.000000 992.000000 1239.000000 992.000000 992.000000 1509.000000 1504.000000 1490.000000 0.000000 0.000000 0.000000 0.000000 0.000000 1.415800 1.166381 1.320477 4.076294 
4094526645.000000 -0.516689 0.888667 1.342282 0.783331 1.026597 0.250918 1510.000000 1503.000000 1489.000000 992.000000 1239.000000 992.000000 992.000000 1510.000000 1503.000000 1489.000000 0.000000 0.000000 0.000000 0.000000 0.000000 0.000000 0.816467 0.924334 4.236289 
4094626758.000000 -0.515866 0.887284 1.343389 0.704458 0.885718 0.003386 1509.000000 1503.000000 1490.000000 993.000000 1239.000000 992.000000 993.000000 1509.000000 1503.000000 1490.000000 0.000000 0.000000 0.000000 0.000000 0.000000 1.415800 0.571527 1.071774 4.236289 
4094727372.000000 -0.520922 0.890403 1.348412 1.071524 1.341585 0.349140 1509.000000 1504.000000 1490.000000 992.000000 1239.000000 992.000000 992.000000 1509.000000 1504.000000 1490.000000 0.000000 0.000000 0.000000 0.000000 1.389335 0.000000 0.816869 0.750242 4.236289 
4094827401.000000 -0.524649 0.883657 1.349554 1.110576 0.923535 0.039618 1509.000000 1503.000000 1489.000000 992.000000 1239.000000 992.000000 992.000000 1509.000000 1503.000000 1489.000000 0.000000 0.000000 0.000000 0.000000 0.000000 0.000000 0.571808 0.525169 4.236289 
4094928097.000000 -0.509238 0.878525 1.350168 0.527820 1.205447 0.298800 1510.000000 1503.000000 1489.000000 992.000000 1239.000000 992.000000 992.000000 1510.000000 1503.000000 1489.000000 0.000000 0.000000 0.000000 0.000000 0.000000 1.415800 0.400266 0.792359 4.236289 
4095028152.000000 -0.510330 0.878932 1.351263 0.530564 1.234557 0.492789 1508.000000 1503.000000 1490.000000 993.000000 1239.000000 992.000000 993.000000 1508.000000 1503.000000 1490.000000 0.000000 0.000000 0.000000 0.000000 2.327993 3.009540 0.978584 1.457513 4.236289 
4095128771.000000 -0.514056 0.882672 1.349544 1.102743 0.913947 0.002140 1509.000000 1504.000000 1490.000000 992.000000 1240.000000 992.000000 992.000000 1509.000000 1504.000000 1490.000000 0.000000 0.000000 0.000000 0.000000 2.327993 1.415800 1.383407 1.444999 4.236289 
4095229396.000000 -0.518545 0.888302 1.345267 0.647057 0.448333 -0.031861 1509.000000 1503.000000 1490.000000 993.000000 1239.000000 992.000000 993.000000 1509.000000 1503.000000 1490.000000 0.000000 0.000000 0.000000 0.000000 0.000000 1.415800 0.968385 1.436240 4.236289 
4095329848.000000 -0.503304 0.884127 1.348429 0.291562 0.914188 0.212180 1509.000000 1504.000000 1490.000000 992.000000 1239.000000 992.000000 992.000000 1509.000000 1504.000000 1490.000000 0.000000 0.000000 0.000000 0.000000 1.389335 0.000000 1.094670 1.005368 4.236289 
4095429812.000000 -0.511532 0.894466 1.347499 0.848035 1.314535 0.185377 1510.000000 1503.000000 1489.000000 992.000000 1239.000000 992.000000 992.000000 1510.000000 1503.000000 1489.000000 0.000000 0.000000 0.000000 0.000000 0.000000 2.359667 0.766269 1.411658 4.236289 
4095530104.000000 -0.526614 0.893620 1.343927 1.345649 0.897420 0.303755 1510.000000 1503.000000 1489.000000 992.000000 1239.000000 992.000000 992.000000 1510.000000 1503.000000 1489.000000 0.000000 0.000000 0.000000 0.000000 0.000000 1.415800 0.536388 1.412900 4.483842 
4095630025.000000 -0.526245 0.889995 1.341839 0.693058 0.955378 0.119150 1509.000000 1503.000000 1490.000000 993.000000 1239.000000 992.000000 993.000000 1509.000000 1503.000000 1490.000000 0.000000 0.000000 0.000000 0.000000 2.327993 0.000000 1.073869 0.989030 4.483842 
4095730644.000000 -0.523133 0.893619 1.340683 0.406875 0.544091 0.183420 1510.000000 1503.000000 1489.000000 992.000000 1239.000000 992.000000 992.000000 1510.000000 1503.000000 1489.000000 0.000000 0.000000 0.000000 0.000000 2.997180 1.415800 1.650863 1.117061 4.483842 
4095831258.000000 -0.520967 0.902246 1.344619 0.473166 1.139315 0.131437 1509.000000 1503.000000 1489.000000 993.000000 1239.000000 992.000000 993.000000 1509.000000 1503.000000 1489.000000 0.000000 0.000000 0.000000 0.000000 2.327993 1.415800 1.854002 1.206683 4.483842 
4095931655.000000 -0.524506 0.906394 1.357115 1.099034 0.547065 0.397097 1509.000000 1504.000000 1490.000000 992.000000 1239.000000 992.000000 992.000000 1509.000000 1504.000000 1490.000000 0.000000 0.000000 0.000000 0.000000 2.327993 0.000000 1.996199 0.844678 4.483842 
4096031758.000000 -0.521062 0.915143 1.359284 0.555566 1.644852 0.040341 1509.000000 1504.000000 1490.000000 992.000000 1239.000000 992.000000 992.000000 1509.000000 1504.000000 1490.000000 0.000000 0.000000 0.000000 0.000000 1.389335 1.415800 1.814140 1.016015 4.483842 
4096132331.000000 -0.521166 0.908052 1.361683 0.487904 1.028541 0.142971 1509.000000 1504.000000 1490.000000 992.000000 1239.000000 992.000000 992.000000 1509.000000 1504.000000 1490.000000 0.000000 0.000000 0.000000 0.000000 0.000000 0.000000 1.269898 0.711210 4.483842 
4096232633.000000 -0.517177 0.906606 1.360914 0.781130 0.742079 -0.103029 1509.000000 1503.000000 1489.000000 992.000000 1239.000000 992.000000 992.000000 1509.000000 1503.000000 1489.000000 0.000000 0.000000 0.000000 0.000000 1.389335 0.000000 1.305729 0.497847 4.483842 
4096333154.000000 -0.521404 0.907322 1.365753 0.833495 1.325966 0.261503 1509.000000 1503.000000 1489.000000 992.000000 1239.000000 992.000000 992.000000 1509.000000 1503.000000 1489.000000 0.000000 0.000000 0.000000 0.000000 1.389335 0.000000 1.330811 0.348493 4.483842 
4096433574.000000 -0.523753 0.906789 1.372971 0.668812 1.055056 0.203282 1509.000000 1504.000000 1490.000000 992.000000 1239.000000 992.000000 992.000000 1509.000000 1504.000000 1490.000000 0.000000 0.000000 0.000000 0.000000 1.389335 1.415800 1.348368 0.668685 4.483842 
4096533759.000000 -0.516343 0.916495 1.373611 0.555775 1.169057 0.233907 1509.000000 1504.000000 1490.000000 992.000000 1239.000000 992.000000 992.000000 1509.000000 1504.000000 1490.000000 0.000000 0.000000 0.000000 0.000000 0.000000 0.000000 0.943857 0.468080 3.798461 
4096634209.000000 -0.509562 0.912722 1.374000 0.734765 0.911607 0.085271 1509.000000 1503.000000 1489.000000 992.000000 1239.000000 992.000000 992.000000 1509.000000 1503.000000 1489.000000 0.000000 0.000000 0.000000 0.000000 0.000000 0.000000 0.660700 0.327656 3.798461 
4096734196.000000 -0.516039 0.917664 1.376166 0.915112 1.274910 0.181789 1510.000000 1503.000000 1489.000000 992.000000 1239.000000 992.000000 992.000000 1510.000000 1503.000000 1489.000000 0.000000 0.000000 0.000000 0.000000 0.000000 2.359667 0.462490 0.937259 3.798461 
4096834447.000000 -0.525351 0.917860 1.376668 0.888599 1.088985 0.133370 1508.000000 1503.000000 1490.000000 993.000000 1240.000000 992.000000 993.000000 1508.000000 1503.000000 1490.000000 0.000000 0.000000 0.000000 0.000000 0.000000 0.000000 0.323743 0.656081 3.798461 
4096935015.000000 -0.487582 0.883682 1.379122 0.346547 1.003789 0.172803 1509.000000 1504.000000 1490.000000 992.000000 1240.000000 992.000000 992.000000 1509.000000 1504.000000 1490.000000 0.000000 0.000000 0.000000 0.000000 0.000000 2.359667 0.226620 1.167157 3.798461 
4097035017.000000 -0.489788 0.878368 1.376334 0.752422 1.118680 0.275382 1510.000000 1503.000000 1489.000000 992.000000 1239.000000 992.000000 992.000000 1510.000000 1503.000000 1489.000000 0.000000 0.000000 0.000000 0.000000 0.000000 0.000000 0.158634 0.817010 3.798461 
4097135024.000000 -0.494936 0.877356 1.378548 1.040930 1.491290 0.411723 1510.000000 1503.000000 1490.000000 992.000000 1239.000000 992.000000 992.000000 1510.000000 1503.000000 1490.000000 0.000000 0.000000 0.000000 0.000000 2.327993 0.000000 0.809442 0.571907 3.798461 
4097235667.000000 -0.501946 0.877595 1.377624 0.871236 1.182115 0.114437 1509.000000 1503.000000 1490.000000 992.000000 1239.000000 992.000000 992.000000 1509.000000 1503.000000 1490.000000 0.000000 0.000000 0.000000 0.000000 0.000000 2.359667 0.566609 1.108235 3.798461 
4097336270.000000 -0.505443 0.879800 1.381537 0.519778 0.720620 0.127427 1509.000000 1503.000000 1489.000000 992.000000 1239.000000 992.000000 992.000000 1509.000000 1503.000000 1489.000000 0.000000 0.000000 0.000000 0.000000 2.327993 0.000000 1.095024 0.775765 3.798461 
4097436884.000000 -0.502649 0.877432 1.384491 0.536491 1.051516 0.428664 1509.000000 1504.000000 1490.000000 992.000000 1239.000000 992.000000 992.000000 1509.000000 1504.000000 1490.000000 0.000000 0.000000 0.000000 0.000000 0.000000 0.000000 0.766517 0.543035 3.798461 
4097536928.000000 -0.507861 0.884119 1.382723 0.684503 0.589034 0.084800 1509.000000 1503.000000 1489.000000 992.000000 1239.000000 992.000000 992.000000 1509.000000 1503.000000 1489.000000 0.000000 0.000000 0.000000 0.000000 0.000000 1.415800 0.536562 0.804865 3.991972 
4097637522.000000 -0.513633 0.886275 1.384514 0.651424 0.683933 0.179018 1510.000000 1503.000000 1490.000000 992.000000 1239.000000 992.000000 992.000000 1510.000000 1503.000000 1490.000000 0.000000 0.000000 0.000000 0.000000 0.000000 1.415800 0.375593 0.988145 3.991972 
4097738147.000000 -0.505140 0.883719 1.383631 0.653547 0.923571 0.160364 1509.000000 1504.000000 1490.000000 992.000000 1239.000000 992.000000 992.000000 1509.000000 1504.000000 1490.000000 0.000000 0.000000 0.000000 0.000000 1.389335 2.359667 0.679716 1.399602 3.991972 
4097838789.000000 -0.506179 0.886739 1.386885 0.331732 0.647668 -0.104152 1509.000000 1504.000000 1490.000000 992.000000 1239.000000 992.000000 992.000000 1509.000000 1504.000000 1490.000000 0.000000 0.000000 0.000000 0.000000 2.327993 0.000000 1.174199 0.979721 3.991972 
4097939408.000000 -0.528581 0.912865 1.393693 1.045840 1.158070 0.222278 1509.000000 1504.000000 1490.000000 992.000000 1164.000000 992.000000 992.000000 1509.000000 1504.000000 1490.000000 0.000000 0.000000 0.000000 0.000000 0.000000 0.000000 0.821939 0.685805 3.991972 
4098039522.000000 -0.527093 0.901183 1.390403 0.711559 0.211210 0.000341 1508.000000 1504.000000 1490.000000 992.000000 1164.000000 992.000000 992.000000 1508.000000 1504.000000 1490.000000 0.000000 0.000000 0.000000 0.000000 0.000000 2.359667 0.575357 1.187964 3.991972 
4098140010.000000 -0.523618 0.903615 1.390926 0.728620 1.294535 0.263798 1509.000000 1504.000000 1490.000000 992.000000 1164.000000 992.000000 992.000000 1509.000000 1504.000000 1490.000000 0.000000 0.000000 0.000000 0.000000 1.389335 0.000000 0.819551 0.831575 3.991972 
4098240071.000000 -0.524724 0.896603 1.391295 0.755034 1.123319 0.241443 1509.000000 1504.000000 1490.000000 992.000000 1163.000000 992.000000 992.000000 1509.000000 1504.000000 1490.000000 0.000000 0.000000 0.000000 0.000000 1.389335 2.359667 0.990486 1.290002 3.991972 
4098340035.000000 -0.525328 0.898938 1.392350 0.979975 0.723227 0.100456 1509.000000 1503.000000 1489.000000 992.000000 1164.000000 992.000000 992.000000 1509.000000 1503.000000 1489.000000 0.000000 0.000000 0.000000 0.000000 0.000000 1.415800 0.693340 1.327742 3.991972 
4098440150.000000 -0.528023 0.893238 1.393093 0.375161 0.772475 0.082853 1509.000000 1504.000000 1490.000000 992.000000 1164.000000 992.000000 992.000000 1509.000000 1504.000000 1490.000000 0.000000 0.000000 0.000000 0.000000 0.000000 2.359667 0.485338 1.637320 3.991972 
4098540646.000000 -0.531504 0.893841 1.395612 0.915399 1.131002 0.036311 1509.000000 1504.000000 1490.000000 992.000000 1163.000000 992.000000 992.000000 1509.000000 1504.000000 1490.000000 0.000000 0.000000 0.000000 0.000000 0.000000 0.000000 0.339737 1.146124 3.488189 
4098640985.000000 -0.518759 0.884947 1.393656 0.782278 0.809675 0.103385 1510.000000 1503.000000 1489.000000 992.000000 1163.000000 992.000000 992.000000 1510.000000 1503.000000 1489.000000 0.000000 0.000000 0.000000 0.000000 0.000000 1.415800 0.237816 1.227027 3.488189 
4098741300.000000 -0.522566 0.895592 1.393614 1.113011 1.200876 0.203572 1509.000000 1503.000000 1489.000000 992.000000 1832.000000 992.000000 992.000000 1513.440308 1523.318970 1495.210449 0.000000 0.000000 0.000000 0.000000 0.000000 0.000000 0.166471 0.858919 3.488189 
4098841422.000000 -0.529915 0.892512 1.395805 0.936541 0.980328 0.194669 1509.000000 1504.000000 1490.000000 992.000000 1832.000000 992.000000 992.000000 1513.718628 1524.537354 1495.210449 0.000000 0.000000 0.000000 0.000000 1.389335 0.000000 0.533330 0.601243 3.488189 
4098941409.000000 -0.533165 0.875098 1.396954 0.366439 1.325154 0.423524 1509.000000 1504.000000 1490.000000 992.000000 1832.000000 992.000000 992.000000 1514.389282 1524.975220 1495.210449 0.000000 0.000000 0.000000 0.000000 0.000000 0.000000 0.373331 0.420870 3.488189 
4099041846.000000 -0.523732 0.876275 1.397054 1.155228 0.987130 0.111266 1509.000000 1504.000000 1490.000000 992.000000 1831.000000 992.000000 992.000000 1513.406372 1524.220459 1495.210449 0.000000 0.000000 0.000000 0.000000 2.327993 0.000000 0.959730 0.294609 3.488189 
4099142047.000000 -0.540181 0.877432 1.399563 0.985465 0.948740 -0.047369 1509.000000 1503.000000 1490.000000 992.000000 2016.000000 992.000000 992.000000 1513.778442 1522.366211 1495.210449 0.000000 0.000000 0.000000 0.000000 0.000000 1.415800 0.671811 0.630967 3.488189 
4099242331.000000 -0.537076 0.880910 1.402040 0.633878 0.686859 0.041454 1507.000000 1465.000000 1489.000000 992.000000 2017.000000 992.000000 992.000000 1512.190063 1453.832520 1495.926270 0.000000 0.000000 0.000000 0.000000 0.000000 1.415800 0.470267 0.866417 3.488189 
4099342698.000000 -0.532583 0.875317 1.398906 0.808639 1.055044 0.214743 1499.000000 1467.000000 1490.000000 993.000000 2017.000000 992.000000 993.000000 1504.165039 1458.145264 1498.789551 0.000000 0.000000 0.000000 0.000000 0.000000 2.359667 0.329187 1.314392 3.488189 
4099443148.000000 -0.536445 0.879702 1.396350 1.229985 0.365738 -0.341373 1793.000000 1504.000000 1490.000000 992.000000 1504.000000 992.000000 992.000000 1793.000000 1504.000000 1490.000000 0.000000 0.000000 0.000000 0.000000 0.000000 0.000000 0.230431 0.920074 3.488189 
4099543772.000000 -0.547015 0.875113 1.396425 0.827928 0.907802 0.044008 2016.000000 1480.000000 1489.000000 992.000000 1505.000000 992.000000 992.000000 2016.000000 1480.000000 1489.000000 0.000000 0.000000 0.000000 0.000000 1.389335 2.359667 0.578102 1.351952 2.750850 
4099643776.000000 -0.541687 0.876590 1.397815 0.799320 1.400004 0.294758 1751.000000 1375.000000 1489.000000 992.000000 1504.000000 992.000000 992.000000 1751.000000 1375.000000 1489.000000 0.000000 0.000000 0.000000 0.000000 0.000000 2.359667 0.404671 1.654267 2.750850 
4099743931.000000 -0.540256 0.884534 1.397404 0.546965 1.121834 0.250818 1176.000000 1484.000000 1490.000000 992.000000 1504.000000 992.000000 992.000000 1176.000000 1484.000000 1490.000000 0.000000 0.000000 0.000000 0.000000 0.000000 2.359667 0.283270 1.865887 2.750850 
4099844461.000000 -0.535715 0.881093 1.399443 0.564740 1.438509 0.242982 1235.000000 1823.000000 1490.000000 992.000000 1505.000000 992.000000 992.000000 1235.000000 1823.000000 1490.000000 0.000000 0.000000 0.000000 0.000000 2.327993 2.359667 0.896687 2.014021 2.750850 
4099944829.000000 -0.535648 0.860379 1.398155 0.957322 0.848834 0.171051 1532.000000 1825.000000 1489.000000 992.000000 1504.000000 992.000000 992.000000 1532.000000 1825.000000 1489.000000 0.000000 0.000000 0.000000 0.000000 0.000000 2.359667 0.627681 2.117715 2.750850 
4100045005.000000 -0.536099 0.861586 1.400040 0.564000 0.908607 0.231767 1561.000000 1503.000000 1490.000000 992.000000 1504.000000 992.000000 992.000000 1561.000000 1503.000000 1490.000000 0.000000 0.000000 0.000000 0.000000 0.000000 0.000000 0.439377 1.482401 2.750850 
4100145630.000000 -0.521592 0.861868 1.400806 0.673795 1.152468 0.134223 1525.000000 1504.000000 1490.000000 992.000000 1505.000000 992.000000 992.000000 1525.000000 1504.000000 1490.000000 0.000000 0.000000 0.000000 0.000000 1.389335 2.359667 0.724364 1.745581 2.750850 
4100245662.000000 -0.524691 0.860795 1.398114 0.942504 0.868679 0.328417 1509.000000 1504.000000 1489.000000 992.000000 1505.000000 992.000000 992.000000 1509.000000 1504.000000 1489.000000 0.000000 0.000000 0.000000 0.000000 1.389335 0.000000 0.923855 1.221906 2.750850 
4100345806.000000 -0.529540 0.871626 1.400662 1.528017 1.152628 0.141881 1510.000000 1504.000000 1489.000000 992.000000 1504.000000 992.000000 992.000000 1510.000000 1504.000000 1489.000000 0.000000 0.000000 0.000000 0.000000 1.389335 1.415800 1.063499 1.280075 2.750850 
4100446295.000000 -0.527044 0.876957 1.407328 0.403368 1.528384 0.389703 1510.000000 1504.000000 1490.000000 992.000000 1504.000000 992.000000 992.000000 1510.000000 1504.000000 1490.000000 0.000000 0.000000 0.000000 0.000000 2.327993 1.415800 1.442847 1.320792 2.750850 
4100546450.000000 -0.521705 0.878708 1.410024 0.591729 1.234163 0.217366 1509.000000 1504.000000 1490.000000 992.000000 1505.000000 992.000000 992.000000 1509.000000 1504.000000 1490.000000 0.000000 0.000000 0.000000 0.000000 2.327993 0.000000 1.708391 0.924555 4.266557 
4100646645.000000 -0.527139 0.881449 1.412684 0.979045 0.862857 0.161232 1509.000000 1504.000000 1489.000000 992.000000 1505.000000 992.000000 992.000000 1509.000000 1504.000000 1489.000000 0.000000 0.000000 0.000000 0.000000 0.000000 2.359667 1.195873 1.355088 4.266557 
4100746976.000000 -0.532571 0.879817 1.410648 1.468437 0.755213 -0.861217 1509.000000 1504.000000 1490.000000 993.000000 1505.000000 992.000000 993.000000 1509.000000 1504.000000 1490.000000 0.000000 0.000000 0.000000 0.000000 0.000000 0.000000 0.837111 0.948562 4.266557 
4100847054.000000 -0.591221 0.923843 1.413549 -1.644006 0.721955 0.557510 1508.000000 1504.000000 1490.000000 994.000000 1505.000000 992.000000 994.000000 1508.000000 1504.000000 1490.000000 0.000000 0.000000 0.000000 0.000000 0.000000 0.000000 0.585978 0.663993 4.266557 
4100947612.000000 -0.445762 0.957421 1.426174 0.139190 1.210512 0.359530 1510.000000 1504.000000 1490.000000 992.000000 1504.000000 992.000000 992.000000 1510.000000 1504.000000 1490.000000 0.000000 0.000000 0.000000 0.000000 0.000000 0.000000 0.410185 0.464795 4.266557 
4101047759.000000 -0.473276 0.952949 1.426645 1.120381 0.958845 0.130744 1509.000000 1504.000000 1489.000000 992.000000 1505.000000 992.000000 992.000000 1509.000000 1504.000000 1489.000000 0.000000 0.000000 0.000000 0.000000 2.997180 1.415800 1.186283 0.750097 4.266557 
4101147956.000000 -0.482228 0.955274 1.426779 0.869078 0.985112 0.168733 1510.000000 1503.000000 1489.000000 992.000000 1504.000000 992.000000 992.000000 1510.000000 1503.000000 1489.000000 0.000000 0.000000 0.000000 0.000000 0.000000 2.359667 0.830398 1.232968 4.266557 
4101248131.000000 -0.494631 0.954831 1.432549 0.350545 1.312739 0.183954 1509.000000 1504.000000 1490.000000 992.000000 1505.000000 992.000000 992.000000 1509.000000 1504.000000 1490.000000 0.000000 0.000000 0.000000 0.000000 0.000000 1.415800 0.581279 1.287818 4.266557 
4101348832.000000 -0.494062 0.957689 1.437641 0.700197 1.479908 0.615428 1510.000000 1504.000000 1490.000000 992.000000 1504.000000 992.000000 992.000000 1510.000000 1504.000000 1490.000000 0.000000 0.000000 0.000000 0.000000 1.389335 1.415800 0.823696 1.326213 4.266557 
4101458443.000000 -0.518631 0.975739 1.440369 0.921868 1.363611 0.220143 1510.000000 1504.000000 1490.000000 992.000000 1504.000000 992.000000 992.000000 1510.000000 1504.000000 1490.000000 0.000000 0.000000 0.000000 0.000000 1.389335 1.415800 0.993387 1.353089 4.410333 
4101558640.000000 -0.527422 0.976650 1.444005 1.082120 0.641055 0.043240 1510.000000 1503.000000 1489.000000 992.000000 1504.000000 992.000000 992.000000 1510.000000 1503.000000 1489.000000 0.000000 0.000000 0.000000 0.000000 2.327993 0.000000 1.393769 0.947162 4.410333 
4101658540.000000 -0.524698 0.979286 1.447620 1.028555 0.960028 0.240088 1509.000000 1503.000000 1490.000000 993.000000 993.000000 992.000000 993.000000 1509.000000 1503.000000 1490.000000 0.000000 0.000000 0.000000 0.000000 0.000000 0.000000 0.975638 0.663014 4.410333 
4101758759.000000 -0.521542 0.980305 1.447417 0.363747 1.450410 0.182399 1509.000000 1504.000000 1490.000000 992.000000 993.000000 992.000000 992.000000 1509.000000 1504.000000 1490.000000 0.000000 0.000000 0.000000 0.000000 0.000000 0.000000 0.682947 0.464110 4.410333 
4101859227.000000 -0.528952 0.977437 1.449094 0.512450 0.898321 0.273511 1509.000000 1504.000000 1490.000000 992.000000 993.000000 992.000000 992.000000 1509.000000 1504.000000 1490.000000 0.000000 0.000000 0.000000 0.000000 0.000000 1.415800 0.478063 0.749617 4.410333 
4101959824.000000 -0.541088 0.963109 1.445353 0.999111 0.980401 0.133002 1510.000000 1504.000000 1489.000000 992.000000 992.000000 992.000000 992.000000 1510.000000 1504.000000 1489.000000 0.000000 0.000000 0.000000 0.000000 1.389335 2.359667 0.751444 1.232632 4.410333 
4102059990.000000 -0.538002 0.966693 1.447582 0.775539 0.907513 -0.098966 1510.000000 1504.000000 1490.000000 992.000000 992.000000 992.000000 992.000000 1510.000000 1504.000000 1490.000000 0.000000 0.000000 0.000000 0.000000 1.389335 1.415800 0.942811 1.287583 4.410333 
4102160005.000000 -0.545658 0.970643 1.450595 0.250826 0.984538 0.207968 1509.000000 1505.000000 1490.000000 992.000000 993.000000 992.000000 992.000000 1509.000000 1505.000000 1490.000000 0.000000 0.000000 0.000000 0.000000 0.000000 2.359667 0.659968 1.609208 4.410333 
4102260631.000000 -0.543394 0.970902 1.455567 0.779413 1.086938 0.356737 1509.000000 1504.000000 1490.000000 992.000000 993.000000 992.000000 992.000000 1509.000000 1504.000000 1490.000000 0.000000 0.000000 0.000000 0.000000 0.000000 2.359667 0.461978 1.834346 4.410333 
4102361263.000000 -0.542550 0.966825 1.456974 0.940812 0.899336 0.154222 1509.000000 1504.000000 1489.000000 992.000000 993.000000 992.000000 992.000000 1509.000000 1504.000000 1489.000000 0.000000 0.000000 0.000000 0.000000 1.389335 0.000000 0.740185 1.284042 4.410333 
4102461938.000000 -0.550535 0.961124 1.460001 0.625786 1.238706 0.261028 1509.000000 1504.000000 1489.000000 992.000000 993.000000 992.000000 992.000000 1509.000000 1504.000000 1489.000000 0.000000 0.000000 0.000000 0.000000 0.000000 1.415800 0.518129 1.323570 3.053576 
4102562018.000000 -0.548842 0.962162 1.459815 0.332889 1.163953 0.158979 1509.000000 1504.000000 1490.000000 992.000000 993.000000 992.000000 992.000000 1509.000000 1504.000000 1490.000000 0.000000 0.000000 0.000000 0.000000 0.000000 0.000000 0.362690 0.926499 3.053576 
4102662591.000000 -0.550299 0.961405 1.462385 1.077519 1.026449 0.401367 1510.000000 1503.000000 1489.000000 992.000000 992.000000 992.000000 992.000000 1510.000000 1503.000000 1489.000000 0.000000 0.000000 0.000000 0.000000 0.000000 1.415800 0.253883 1.073289 3.053576 
4102762905.000000 -0.551890 0.955407 1.460812 0.909403 1.135082 0.348314 1509.000000 1503.000000 1489.000000 993.000000 993.000000 992.000000 993.000000 1509.000000 1503.000000 1489.000000 0.000000 0.000000 0.000000 0.000000 0.000000 0.000000 0.177718 0.751302 3.053576 
4102863211.000000 -0.555696 0.947397 1.462601 0.719893 1.076171 0.060670 1509.000000 1503.000000 1490.000000 993.000000 993.000000 992.000000 993.000000 1509.000000 1503.000000 1490.000000 0.000000 0.000000 0.000000 0.000000 0.000000 2.359667 0.124403 1.233812 3.053576 
4102963580.000000 -0.562499 0.933101 1.467702 0.776113 1.046127 0.033673 1509.000000 1505.000000 1490.000000 992.000000 993.000000 992.000000 992.000000 1509.000000 1505.000000 1490.000000 0.000000 0.000000 0.000000 0.000000 0.000000 0.000000 0.087082 0.863668 3.053576 
4103063916.000000 -0.552756 0.938121 1.469441 0.763820 1.008578 0.184758 1510.000000 1503.000000 1489.000000 992.000000 992.000000 992.000000 992.000000 1510.000000 1503.000000 1489.000000 0.000000 0.000000 0.000000 0.000000 0.000000 0.000000 0.060957 0.604568 3.053576 
4103163856.000000 -0.559437 0.930576 1.471427 0.921754 1.107079 0.449522 1509.000000 1504.000000 1489.000000 992.000000 993.000000 992.000000 992.000000 1509.000000 1504.000000 1489.000000 0.000000 0.000000 0.000000 0.000000 1.389335 1.415800 0.459471 0.847938 3.053576 
4103264471.000000 -0.569979 0.934253 1.476179 0.578414 0.763056 -0.069719 1509.000000 1503.000000 1489.000000 992.000000 993.000000 992.000000 992.000000 1509.000000 1503.000000 1489.000000 0.000000 0.000000 0.000000 0.000000 1.389335 0.000000 0.738430 0.593556 3.053576 
4103364761.000000 -0.560871 0.929616 1.477536 0.515029 0.818519 -0.010296 1510.000000 1504.000000 1490.000000 992.000000 992.000000 992.000000 992.000000 1510.000000 1504.000000 1490.000000 0.000000 0.000000 0.000000 0.000000 1.389335 0.000000 0.933701 0.415489 3.053576 
4103465173.000000 -0.564037 0.923760 1.482186 0.933221 1.333003 0.141174 1510.000000 1503.000000 1489.000000 992.000000 992.000000 992.000000 992.000000 1510.000000 1503.000000 1489.000000 0.000000 0.000000 0.000000 0.000000 1.389335 0.000000 1.070391 0.290843 3.648191 
4103565626.000000 -0.571186 0.928216 1.481072 0.978225 1.166943 0.322405 1510.000000 1503.000000 1489.000000 992.000000 992.000000 992.000000 992.000000 1510.000000 1503.000000 1489.000000 0.000000 0.000000 0.000000 0.000000 0.000000 2.359667 0.749274 0.911490 3.648191 
4103665721.000000 -0.566942 0.931399 1.484116 0.655759 1.096674 0.333594 1509.000000 1503.000000 1490.000000 993.000000 993.000000 992.000000 993.000000 1509.000000 1503.000000 1490.000000 0.000000 0.000000 0.000000 0.000000 2.327993 2.359667 1.222889 1.345943 3.648191 
4103765707.000000 -0.562582 0.927288 1.481683 0.405596 1.268668 0.205474 1510.000000 1504.000000 1490.000000 992.000000 992.000000 992.000000 992.000000 1510.000000 1504.000000 1490.000000 0.000000 0.000000 0.000000 0.000000 0.000000 1.415800 0.856023 1.366900 3.648191 
4103866260.000000 -0.559213 0.932546 1.485563 0.954033 0.898217 0.247378 1510.000000 1504.000000 1489.000000 992.000000 992.000000 992.000000 992.000000 1510.000000 1504.000000 1489.000000 0.000000 0.000000 0.000000 0.000000 1.389335 1.415800 1.016016 1.381570 3.648191 
4103966897.000000 -0.576072 0.971696 1.501258 1.028415 1.173539 0.136744 1509.000000 1503.000000 1490.000000 993.000000 992.000000 992.000000 993.000000 1509.000000 1503.000000 1490.000000 0.000000 0.000000 0.000000 0.000000 1.389335 1.415800 1.128012 1.391840 3.648191 
4104067039.000000 -0.570007 0.957215 1.502079 0.341536 1.049635 0.202377 1509.000000 1503.000000 1490.000000 993.000000 993.000000 992.000000 993.000000 1509.000000 1503.000000 1490.000000 0.000000 0.000000 0.000000 0.000000 1.389335 0.000000 1.206409 0.974288 3.648191 
4104167659.000000 -0.570443 0.958943 1.501582 0.342601 0.905415 -0.135550 1510.000000 1504.000000 1489.000000 992.000000 992.000000 992.000000 992.000000 1510.000000 1504.000000 1489.000000 0.000000 0.000000 0.000000 0.000000 0.000000 0.000000 0.844486 0.682001 3.648191 
4104267958.000000 -0.562026 0.953684 1.500873 0.698202 0.945816 0.182780 1509.000000 1504.000000 1489.000000 992.000000 993.000000 992.000000 992.000000 1509.000000 1504.000000 1489.000000 0.000000 0.000000 0.000000 0.000000 0.000000 1.415800 0.591140 0.902141 3.648191 
4104368624.000000 -0.558103 0.952534 1.503540 0.748349 1.131278 0.258562 1510.000000 1504.000000 1490.000000 992.000000 992.000000 992.000000 992.000000 1510.000000 1504.000000 1490.000000 0.000000 0.000000 0.000000 0.000000 0.000000 2.359667 0.413798 1.339399 3.648191 
4104469232.000000 -0.568739 0.959948 1.502646 0.249589 1.083702 -0.086164 1510.000000 1504.000000 1490.000000 992.000000 992.000000 992.000000 992.000000 1510.000000 1504.000000 1490.000000 0.000000 0.000000 0.000000 0.000000 0.000000 1.415800 0.289659 1.362319 4.684908 
4104569477.000000 -0.567843 0.955575 1.505537 0.280019 1.043902 0.224851 1510.000000 1504.000000 1489.000000 992.000000 992.000000 992.000000 992.000000 1510.000000 1504.000000 1489.000000 0.000000 0.000000 0.000000 0.000000 0.000000 1.415800 0.202761 1.378364 4.684908 
4104670103.000000 -0.555477 0.960189 1.508677 0.746343 1.056690 0.281525 1509.000000 1504.000000 1489.000000 992.000000 993.000000 992.000000 992.000000 1509.000000 1504.000000 1489.000000 0.000000 0.000000 0.000000 0.000000 0.000000 1.415800 0.141933 1.389595 4.684908 
4104770752.000000 -0.552316 0.957109 1.509334 0.665277 1.190876 0.396718 1510.000000 1503.000000 1490.000000 992.000000 992.000000 992.000000 992.000000 1510.000000 1503.000000 1490.000000 0.000000 0.000000 0.000000 0.000000 1.389335 0.000000 0.516153 0.972716 4.684908 
4104870786.000000 -0.551987 0.955123 1.508218 0.479935 1.069817 0.157679 1510.000000 1504.000000 1490.000000 992.000000 992.000000 992.000000 992.000000 1510.000000 1504.000000 1490.000000 0.000000 0.000000 0.000000 0.000000 1.389335 0.000000 0.778108 0.680901 4.684908 
4104971022.000000 -0.554285 0.928514 1.515878 0.843641 1.229109 0.109880 1510.000000 1504.000000 1489.000000 992.000000 992.000000 992.000000 992.000000 1510.000000 1504.000000 1489.000000 0.000000 0.000000 0.000000 0.000000 0.000000 1.415800 0.544675 0.901371 4.684908 
4105072326.000000 -0.556679 0.922934 1.517323 0.855340 0.873573 0.209340 1510.000000 1504.000000 1489.000000 992.000000 992.000000 992.000000 992.000000 1510.000000 1504.000000 1489.000000 0.000000 0.000000 0.000000 0.000000 1.389335 0.000000 0.798073 0.630960 4.684908 
4105172932.000000 -0.559965 0.920963 1.515556 0.534849 0.910430 0.043020 1510.000000 1504.000000 1490.000000 992.000000 992.000000 992.000000 992.000000 1510.000000 1504.000000 1490.000000 0.000000 0.000000 0.000000 0.000000 1.389335 0.000000 0.975452 0.441672 4.684908 
4105273516.000000 -0.563754 0.920969 1.514975 0.477433 0.516811 -0.010427 1509.000000 1504.000000 1490.000000 992.000000 993.000000 992.000000 992.000000 1509.000000 1504.000000 1490.000000 0.000000 0.000000 0.000000 0.000000 1.389335 2.359667 1.099617 1.017071 4.684908 
4105374150.000000 -0.555119 0.916933 1.514243 0.588467 1.134756 0.138620 1510.000000 1504.000000 1489.000000 992.000000 992.000000 992.000000 992.000000 1510.000000 1504.000000 1489.000000 0.000000 0.000000 0.000000 0.000000 2.327993 0.000000 1.468129 0.711949 4.684908 
4105475140.000000 -0.550345 0.917160 1.514009 0.841671 1.077439 0.136431 1509.000000 1504.000000 1490.000000 992.000000 993.000000 992.000000 992.000000 1509.000000 1504.000000 1490.000000 0.000000 0.000000 0.000000 0.000000 1.389335 2.359667 1.444491 1.206265 5.015686 
4105575900.000000 -0.546950 0.920494 1.516429 0.892912 1.026232 0.054185 1510.000000 1504.000000 1490.000000 992.000000 992.000000 992.000000 992.000000 1510.000000 1504.000000 1490.000000 0.000000 0.000000 0.000000 0.000000 0.000000 0.000000 1.011144 0.844385 5.015686 
4105676641.000000 -0.554380 0.923689 1.517753 0.632073 1.012913 0.329133 1509.000000 1504.000000 1490.000000 992.000000 993.000000 992.000000 992.000000 1509.000000 1504.000000 1490.000000 0.000000 0.000000 0.000000 0.000000 0.000000 0.000000 0.707801 0.591070 5.015686 
4105777320.000000 -0.552836 0.931812 1.520217 0.184279 1.493739 0.260083 1510.000000 1503.000000 1489.000000 992.000000 992.000000 992.000000 992.000000 1510.000000 1503.000000 1489.000000 0.000000 0.000000 0.000000 0.000000 0.000000 0.000000 0.495460 0.413749 5.015686 
4105877880.000000 -0.546137 0.931953 1.520714 0.518117 1.130373 0.252373 1509.000000 1503.000000 1489.000000 993.000000 993.000000 992.000000 993.000000 1509.000000 1503.000000 1489.000000 0.000000 0.000000 0.000000 0.000000 0.000000 0.000000 0.346822 0.289624 5.015686 
4105978578.000000 -0.526209 0.951215 1.529706 0.898214 1.277635 0.208889 1510.000000 1504.000000 1490.000000 992.000000 992.000000 992.000000 992.000000 1510.000000 1504.000000 1490.000000 0.000000 0.000000 0.000000 0.000000 0.000000 0.000000 0.242776 0.202737 5.015686 
4106079628.000000 -0.528810 0.953280 1.531830 0.518648 0.829589 0.125036 1510.000000 1503.000000 1489.000000 992.000000 992.000000 992.000000 992.000000 1510.000000 1503.000000 1489.000000 0.000000 0.000000 0.000000 0.000000 2.997180 2.359667 1.069097 0.849816 5.015686 
4106180994.000000 -0.523657 0.951846 1.533913 0.906587 1.454564 0.169963 1509.000000 1504.000000 1489.000000 992.000000 993.000000 992.000000 992.000000 1509.000000 1504.000000 1489.000000 0.000000 0.000000 0.000000 0.000000 1.389335 0.000000 1.165168 0.594871 5.015686 
4106281503.000000 -0.532438 0.949873 1.539518 0.607811 1.132927 0.497440 1510.000000 1503.000000 1490.000000 992.000000 992.000000 992.000000 992.000000 1510.000000 1503.000000 1490.000000 0.000000 0.000000 0.000000 0.000000 1.389335 0.000000 1.232418 0.416410 5.015686 
4106386714.000000 -0.537220 0.950512 1.540317 1.159515 0.717073 0.115700 1509.000000 1504.000000 1489.000000 992.000000 993.000000 992.000000 992.000000 1509.000000 1504.000000 1489.000000 0.000000 0.000000 0.000000 0.000000 0.000000 1.415800 0.862693 0.716227 5.015686 
4106486680.000000 -0.539148 0.945899 1.542208 0.441339 1.331712 0.365143 1509.000000 1504.000000 1489.000000 992.000000 993.000000 992.000000 992.000000 1509.000000 1504.000000 1489.000000 0.000000 0.000000 0.000000 0.000000 0.000000 0.000000 0.603885 0.501359 5.159452 
4106587257.000000 -0.538723 0.949498 1.544891 0.383329 1.046015 0.097706 1509.000000 1504.000000 1489.000000 992.000000 993.000000 992.000000 992.000000 1509.000000 1504.000000 1489.000000 0.000000 0.000000 0.000000 0.000000 0.000000 2.359667 0.422719 1.058851 5.159452 
4106687244.000000 -0.546692 0.952325 1.548421 0.528685 0.934659 0.329932 1509.000000 1504.000000 1490.000000 992.000000 993.000000 992.000000 992.000000 1509.000000 1504.000000 1490.000000 0.000000 0.000000 0.000000 0.000000 0.000000 1.415800 0.295904 1.165936 5.159452 
4106787786.000000 -0.547552 0.947171 1.552228 0.914291 0.823791 0.193577 1510.000000 1503.000000 1489.000000 992.000000 992.000000 992.000000 992.000000 1510.000000 1503.000000 1489.000000 0.000000 0.000000 0.000000 0.000000 1.389335 0.000000 0.623933 0.816155 5.159452 
4106921299.000000 -0.555012 0.951132 1.553216 0.018025 1.268199 0.110704 1509.000000 1504.000000 1490.000000 992.000000 993.000000 992.000000 992.000000 1509.000000 1504.000000 1490.000000 0.000000 0.000000 0.000000 0.000000 0.000000 2.359667 0.436753 1.279209 5.159452 
4107021642.000000 -0.525473 0.953262 1.558407 -0.507861 1.197300 -0.158772 1510.000000 1503.000000 1489.000000 992.000000 992.000000 992.000000 992.000000 1510.000000 1503.000000 1489.000000 0.000000 0.000000 0.000000 0.000000 1.389335 1.415800 0.722528 1.320186 5.159452 
4107122039.000000 -0.530524 0.952220 1.561006 1.505570 1.101132 0.420523 1509.000000 1504.000000 1490.000000 993.000000 993.000000 992.000000 993.000000 1509.000000 1504.000000 1490.000000 0.000000 0.000000 0.000000 0.000000 2.327993 2.359667 1.204167 1.632031 5.159452 
4107221984.000000 -0.528115 0.946288 1.564058 0.629337 0.902105 0.063020 1509.000000 1504.000000 1489.000000 992.000000 993.000000 992.000000 992.000000 1509.000000 1504.000000 1489.000000 0.000000 0.000000 0.000000 0.000000 2.327993 0.000000 1.541315 1.142421 5.159452 
4107322579.000000 -0.509319 0.941512 1.565974 0.541552 0.951813 0.052945 1510.000000 1504.000000 1490.000000 992.000000 992.000000 992.000000 992.000000 1510.000000 1504.000000 1490.000000 0.000000 0.000000 0.000000 0.000000 0.000000 0.000000 1.078920 0.799695 5.159452 
4107422792.000000 -0.480058 0.920416 1.575811 3.958451 0.229101 -0.315953 1510.000000 1503.000000 1489.000000 992.000000 992.000000 992.000000 992.000000 1510.000000 1503.000000 1489.000000 0.000000 0.000000 0.000000 0.000000 0.000000 2.359667 0.755244 1.267687 5.159452 
4107523235.000000 -0.732886 0.966395 1.516824 1.667418 1.287144 0.404922 1509.000000 1503.000000 1490.000000 993.000000 992.000000 992.000000 993.000000 1509.000000 1503.000000 1490.000000 0.000000 0.000000 0.000000 0.000000 0.000000 0.000000 0.528671 0.887381 5.091353 
4107623863.000000 -0.602436 0.945178 1.535667 -0.259924 1.397390 0.144362 1510.000000 1504.000000 1490.000000 992.000000 992.000000 992.000000 992.000000 1510.000000 1504.000000 1490.000000 0.000000 0.000000 0.000000 0.000000 2.327993 0.000000 1.068467 0.621166 5.091353 
4107723984.000000 -0.666055 0.955305 1.530389 1.203652 0.640080 0.169965 1509.000000 1504.000000 1489.000000 992.000000 993.000000 992.000000 992.000000 1509.000000 1504.000000 1489.000000 0.000000 0.000000 0.000000 0.000000 1.389335 0.000000 1.164728 0.434817 5.091353 
4107824197.000000 -0.645150 0.943599 1.532762 0.817423 1.099872 0.063426 1510.000000 1503.000000 1489.000000 992.000000 992.000000 992.000000 992.000000 1510.000000 1503.000000 1489.000000 0.000000 0.000000 0.000000 0.000000 0.000000 2.359667 0.815309 1.012272 5.091353 
4107924338.000000 -0.676314 0.965422 1.530963 0.267399 1.188189 -0.086166 1509.000000 1504.000000 1490.000000 992.000000 993.000000 992.000000 992.000000 1509.000000 1504.000000 1490.000000 0.000000 0.000000 0.000000 0.000000 0.000000 0.000000 0.570717 0.708590 5.091353 
4108024829.000000 -0.670259 0.954393 1.533200 0.408852 1.064700 0.223105 1510.000000 1503.000000 1490.000000 992.000000 992.000000 992.000000 992.000000 1510.000000 1503.000000 1490.000000 0.000000 0.000000 0.000000 0.000000 0.000000 2.359667 0.399502 1.203913 5.091353 
4108125443.000000 -0.650191 0.951131 1.532428 1.257180 1.001076 0.144197 1509.000000 1504.000000 1489.000000 992.000000 993.000000 992.000000 992.000000 1509.000000 1504.000000 1489.000000 0.000000 0.000000 0.000000 0.000000 0.000000 1.415800 0.279651 1.267480 5.091353 
4108226716.000000 -0.647931 0.953018 1.532593 1.259422 0.927174 0.036231 1510.000000 1503.000000 1489.000000 992.000000 992.000000 992.000000 992.000000 1510.000000 1503.000000 1489.000000 0.000000 0.000000 0.000000 0.000000 1.389335 0.000000 0.612556 0.887236 5.091353 
4108327326.000000 -0.655887 0.959202 1.530943 0.409317 1.113344 0.181927 1510.000000 1504.000000 1490.000000 992.000000 992.000000 992.000000 992.000000 1510.000000 1504.000000 1490.000000 0.000000 0.000000 0.000000 0.000000 2.327993 2.359667 1.127187 1.328965 5.091353 
4108427985.000000 -0.697546 0.969715 1.519554 -0.258681 1.268521 -0.046407 1510.000000 1504.000000 1490.000000 992.000000 992.000000 992.000000 992.000000 1510.000000 1504.000000 1490.000000 0.000000 0.000000 0.000000 0.000000 1.389335 0.000000 1.205831 0.930276 5.091353 
4108529178.000000 -0.712100 0.972234 1.513858 0.648332 1.189017 0.270849 1510.000000 1503.000000 1489.000000 992.000000 992.000000 992.000000 992.000000 1510.000000 1503.000000 1489.000000 0.000000 0.000000 0.000000 0.000000 1.389335 0.000000 1.260882 0.651193 4.314123 
4108630008.000000 -0.742126 0.979522 1.487835 1.544362 1.276888 0.342308 1510.000000 1504.000000 1490.000000 992.000000 992.000000 992.000000 992.000000 1510.000000 1504.000000 1490.000000 0.000000 0.000000 0.000000 0.000000 0.000000 2.359667 0.882618 1.163735 4.314123 
4108730479.000000 -0.809364 0.971595 1.445890 -1.578058 0.890362 -2.015683 1509.000000 1504.000000 1490.000000 992.000000 993.000000 992.000000 992.000000 1509.000000 1504.000000 1490.000000 0.000000 0.000000 0.000000 0.000000 2.327993 0.000000 1.316230 0.814615 4.314123 
4108831089.000000 -0.818228 0.975545 1.427587 1.383863 1.201087 0.142792 1509.000000 1504.000000 1490.000000 993.000000 993.000000 992.000000 993.000000 1509.000000 1504.000000 1490.000000 0.000000 0.000000 0.000000 0.000000 0.000000 0.000000 0.921361 0.570230 4.314123 
4108931817.000000 -0.804543 0.988330 1.423743 0.749499 0.778491 -0.003724 1509.000000 1505.000000 1490.000000 992.000000 993.000000 992.000000 992.000000 1509.000000 1505.000000 1490.000000 0.000000 0.000000 0.000000 0.000000 1.389335 2.359667 1.061753 1.107061 4.314123 
4109032391.000000 -0.811833 0.985448 1.419251 0.792885 0.957669 0.065125 1509.000000 1504.000000 1490.000000 992.000000 993.000000 992.000000 992.000000 1509.000000 1504.000000 1490.000000 0.000000 0.000000 0.000000 0.000000 0.000000 0.000000 0.743227 0.774943 4.314123 
4109133031.000000 -0.812041 0.983944 1.409134 0.656535 1.098089 0.020860 1509.000000 1504.000000 1490.000000 992.000000 993.000000 992.000000 992.000000 1509.000000 1504.000000 1490.000000 0.000000 0.000000 0.000000 0.000000 0.000000 1.415800 0.520259 0.967200 4.314123 
4109233728.000000 -0.788693 0.961103 1.411215 1.530478 0.411683 0.733864 1509.000000 1504.000000 1490.000000 992.000000 993.000000 992.000000 992.000000 1509.000000 1504.000000 1490.000000 0.000000 0.000000 0.000000 0.000000 0.000000 0.000000 0.364181 0.677040 4.314123 
4109334217.000000 -0.577661 0.923596 1.500982 2.106826 0.839957 0.643726 1510.000000 1503.000000 1489.000000 992.000000 992.000000 992.000000 992.000000 1510.000000 1503.000000 1489.000000 0.000000 0.000000 0.000000 0.000000 1.389335 1.415800 0.671727 0.898668 4.314123 
4109434941.000000 -0.601081 0.913652 1.486848 1.121677 0.810386 0.126723 1510.000000 1504.000000 1490.000000 992.000000 992.000000 992.000000 992.000000 1510.000000 1504.000000 1490.000000 0.000000 0.000000 0.000000 0.000000 1.389335 0.000000 0.887010 0.629068 4.314123 
4109535796.000000 -0.579143 0.911042 1.502600 1.613470 0.753023 0.312888 1509.000000 1504.000000 1490.000000 992.000000 993.000000 992.000000 992.000000 1509.000000 1504.000000 1490.000000 0.000000 0.000000 0.000000 0.000000 2.327993 1.415800 1.319304 0.865088 4.809221 
4109636586.000000 -0.544171 0.910681 1.512905 3.842894 0.786521 1.040989 1509.000000 1504.000000 1490.000000 992.000000 993.000000 992.000000 992.000000 1509.000000 1504.000000 1490.000000 0.000000 0.000000 0.000000 0.000000 0.000000 0.000000 0.923513 0.605561 4.809221 
4109737604.000000 -0.467109 0.904098 1.542442 0.342346 1.127615 0.093688 1509.000000 1503.000000 1489.000000 993.000000 992.000000 992.000000 993.000000 1509.000000 1503.000000 1489.000000 0.000000 0.000000 0.000000 0.000000 1.389335 0.000000 1.063260 0.423893 4.809221 
4109838641.000000 -0.590936 0.923644 1.522626 -0.022058 1.060760 -0.039471 1509.000000 1504.000000 1490.000000 992.000000 993.000000 992.000000 992.000000 1509.000000 1504.000000 1490.000000 0.000000 0.000000 0.000000 0.000000 0.000000 0.000000 0.744282 0.296725 4.809221 
4109938658.000000 -0.618067 0.917289 1.525779 0.519318 1.196707 0.286012 1509.000000 1504.000000 1490.000000 992.000000 993.000000 992.000000 992.000000 1509.000000 1504.000000 1490.000000 0.000000 0.000000 0.000000 0.000000 0.000000 2.359667 0.520997 0.915608 4.809221 
4110038766.000000 -0.578025 0.920645 1.530471 0.968387 0.909237 0.056419 1510.000000 1503.000000 1489.000000 992.000000 992.000000 992.000000 992.000000 1510.000000 1503.000000 1489.000000 0.000000 0.000000 0.000000 0.000000 0.000000 2.359667 0.364698 1.348826 4.809221 
4110138765.000000 -0.569023 0.926319 1.537278 0.829773 1.279939 0.239981 1510.000000 1503.000000 1490.000000 992.000000 992.000000 992.000000 992.000000 1510.000000 1503.000000 1490.000000 0.000000 0.000000 0.000000 0.000000 0.000000 0.000000 0.255289 0.944178 4.809221 
4110239367.000000 -0.567282 0.925890 1.540472 0.970867 0.986211 0.102540 1510.000000 1503.000000 1490.000000 992.000000 993.000000 992.000000 992.000000 1510.000000 1503.000000 1490.000000 0.000000 0.000000 0.000000 0.000000 0.000000 0.000000 0.178702 0.660925 4.809221 
4110340040.000000 -0.554882 0.918271 1.543198 0.325647 0.961686 0.141386 1509.000000 1504.000000 1489.000000 993.000000 992.000000 992.000000 993.000000 1509.000000 1504.000000 1489.000000 0.000000 0.000000 0.000000 0.000000 1.389335 0.000000 0.541892 0.462647 4.809221 
4110440371.000000 -0.556622 0.919506 1.542364 0.761613 1.226284 0.241970 1509.000000 1504.000000 1490.000000 993.000000 993.000000 992.000000 993.000000 1509.000000 1504.000000 1490.000000 0.000000 0.000000 0.000000 0.000000 0.000000 0.000000 0.379324 0.323853 4.809221 
4110540569.000000 -0.602613 0.928585 1.538070 0.235716 1.388802 0.221022 1510.000000 1504.000000 1490.000000 992.000000 992.000000 992.000000 992.000000 1510.000000 1504.000000 1490.000000 0.000000 0.000000 0.000000 0.000000 2.327993 2.359667 0.963925 0.934597 4.580051 
4110640592.000000 -0.633202 0.936640 1.537540 0.716089 1.120370 0.326385 1509.000000 1504.000000 1489.000000 992.000000 993.000000 992.000000 992.000000 1509.000000 1504.000000 1489.000000 0.000000 0.000000 0.000000 0.000000 0.000000 0.000000 0.674747 0.654218 4.580051 
4110741121.000000 -0.628521 0.933397 1.531766 0.716719 0.892821 0.107671 1509.000000 1504.000000 1490.000000 992.000000 993.000000 992.000000 992.000000 1509.000000 1504.000000 1490.000000 0.000000 0.000000 0.000000 0.000000 0.000000 1.415800 0.472323 0.882693 4.580051 
4110841676.000000 -0.598715 0.927399 1.537264 1.029428 1.265949 0.325174 1510.000000 1503.000000 1489.000000 992.000000 992.000000 992.000000 992.000000 1510.000000 1503.000000 1489.000000 0.000000 0.000000 0.000000 0.000000 1.389335 0.000000 0.747427 0.617885 4.580051 
4110941584.000000 -0.563397 0.923662 1.543803 0.737002 1.121588 0.250244 1509.000000 1504.000000 1490.000000 993.000000 993.000000 992.000000 993.000000 1509.000000 1504.000000 1490.000000 0.000000 0.000000 0.000000 0.000000 0.000000 1.415800 0.523199 0.857260 4.580051 
4111042032.000000 -0.570663 0.939045 1.546538 0.825481 1.180026 0.133082 1509.000000 1505.000000 1490.000000 992.000000 993.000000 992.000000 992.000000 1509.000000 1505.000000 1490.000000 0.000000 0.000000 0.000000 0.000000 0.000000 1.415800 0.366239 1.024822 4.580051 
4111142274.000000 -0.583061 0.937103 1.545159 0.818359 0.728280 0.293044 1510.000000 1503.000000 1489.000000 992.000000 992.000000 992.000000 992.000000 1510.000000 1503.000000 1489.000000 0.000000 0.000000 0.000000 0.000000 0.000000 0.000000 0.256367 0.717375 4.580051 
4111242576.000000 -0.596181 0.941070 1.545445 0.508795 1.083479 0.238093 1509.000000 1503.000000 1490.000000 993.000000 993.000000 992.000000 993.000000 1509.000000 1503.000000 1490.000000 0.000000 0.000000 0.000000 0.000000 0.000000 1.415800 0.179457 0.926903 4.580051 
4111342587.000000 -0.608042 0.945476 1.549696 0.691389 1.337141 0.154980 1510.000000 1503.000000 1489.000000 992.000000 992.000000 992.000000 992.000000 1510.000000 1503.000000 1489.000000 0.000000 0.000000 0.000000 0.000000 1.389335 0.000000 0.542420 0.648832 4.580051 
4111442899.000000 -0.604878 0.939707 1.552168 1.429132 1.000662 0.249082 1510.000000 1504.000000 1489.000000 992.000000 992.000000 992.000000 992.000000 1510.000000 1504.000000 1489.000000 0.000000 0.000000 0.000000 0.000000 0.000000 1.415800 0.379694 0.878923 4.580051 
4111542956.000000 -0.582624 0.931692 1.554163 0.871156 0.945979 0.284334 1510.000000 1504.000000 1490.000000 992.000000 992.000000 992.000000 992.000000 1510.000000 1504.000000 1490.000000 0.000000 0.000000 0.000000 0.000000 1.389335 1.415800 0.682586 1.039986 4.153049 
4111643566.000000 -0.573527 0.931961 1.559334 0.216231 1.080462 0.278344 1510.000000 1503.000000 1489.000000 992.000000 992.000000 992.000000 992.000000 1510.000000 1503.000000 1489.000000 0.000000 0.000000 0.000000 0.000000 0.000000 0.000000 0.477810 0.727990 4.153049 
4111744115.000000 -0.586557 0.938467 1.562413 0.625695 0.862949 -0.012414 1510.000000 1504.000000 1489.000000 992.000000 992.000000 992.000000 992.000000 1510.000000 1504.000000 1489.000000 0.000000 0.000000 0.000000 0.000000 0.000000 1.415800 0.334467 0.934333 4.153049 
4111844543.000000 -0.594490 0.935267 1.563301 0.642488 1.139715 0.207460 1510.000000 1504.000000 1490.000000 992.000000 992.000000 992.000000 992.000000 1510.000000 1504.000000 1490.000000 0.000000 0.000000 0.000000 0.000000 0.000000 0.000000 0.234127 0.654033 4.153049 
4111944586.000000 -0.604261 0.936240 1.570903 0.200358 0.868843 -0.053166 1510.000000 1504.000000 1490.000000 992.000000 992.000000 992.000000 992.000000 1510.000000 1504.000000 1490.000000 0.000000 0.000000 0.000000 0.000000 0.000000 2.359667 0.163889 1.165724 4.153049 
4112045057.000000 -0.606140 0.937331 1.571044 0.784567 0.854666 -0.023463 1509.000000 1503.000000 1489.000000 993.000000 992.000000 992.000000 993.000000 1509.000000 1503.000000 1489.000000 0.000000 0.000000 0.000000 0.000000 0.000000 1.415800 0.114722 1.240747 4.153049 
4112145057.000000 -0.596553 0.937155 1.573337 1.401206 1.043792 0.178168 1509.000000 1504.000000 1490.000000 992.000000 993.000000 992.000000 992.000000 1509.000000 1504.000000 1490.000000 0.000000 0.000000 0.000000 0.000000 1.389335 1.415800 0.497106 1.293263 4.153049 
4112245690.000000 -0.590988 0.936074 1.576105 0.703061 0.903022 0.349980 1509.000000 1504.000000 1490.000000 992.000000 993.000000 992.000000 992.000000 1509.000000 1504.000000 1490.000000 0.000000 0.000000 0.000000 0.000000 0.000000 2.359667 0.347974 1.613184 4.153049 
4112346304.000000 -0.599992 0.934783 1.577120 0.504472 1.308504 0.184477 1509.000000 1504.000000 1490.000000 993.000000 992.000000 992.000000 993.000000 1509.000000 1504.000000 1490.000000 0.000000 0.000000 0.000000 0.000000 0.000000 0.000000 0.243582 1.129229 4.153049 
4112446827.000000 -0.611798 0.935196 1.578018 0.685661 1.266034 0.189653 1509.000000 1505.000000 1490.000000 992.000000 993.000000 992.000000 992.000000 1509.000000 1505.000000 1490.000000 0.000000 0.000000 0.000000 0.000000 0.000000 1.415800 0.170507 1.215200 4.153049 
4112546967.000000 -0.616926 0.937911 1.575209 0.576737 0.965951 -0.131435 1510.000000 1503.000000 1490.000000 992.000000 992.000000 992.000000 992.000000 1510.000000 1503.000000 1490.000000 0.000000 0.000000 0.000000 0.000000 0.000000 0.000000 0.119355 0.850640 4.616806 
4112647345.000000 -0.616875 0.924910 1.576635 1.001868 0.766219 -0.035418 1509.000000 1504.000000 1490.000000 993.000000 993.000000 992.000000 993.000000 1509.000000 1504.000000 1490.000000 0.000000 0.000000 0.000000 0.000000 1.389335 0.000000 0.500349 0.595448 4.616806 
4112747915.000000 -0.610839 0.925127 1.574059 0.767894 1.020144 -0.025263 1509.000000 1504.000000 1490.000000 992.000000 993.000000 992.000000 992.000000 1509.000000 1504.000000 1490.000000 0.000000 0.000000 0.000000 0.000000 1.389335 1.415800 0.767045 0.841554 4.616806 
4112848061.000000 -0.596258 0.925447 1.577376 0.345294 1.396878 0.350645 1510.000000 1503.000000 1489.000000 992.000000 992.000000 992.000000 992.000000 1510.000000 1503.000000 1489.000000 0.000000 0.000000 0.000000 0.000000 0.000000 0.000000 0.536931 0.589088 4.616806 
