Wed Feb 24 19:20:47 2021
 4114100663.000000 -0.609725 0.942262 1.595487 0.683902 0.899064 0.162815 1510.000000 1503.000000 1489.000000 992.000000 992.000000 992.000000 992.000000 1510.000000 1503.000000 1489.000000 0.000000 0.000000 0.000000 0.000000 0.000000 0.000000 0.792652 0.412361 5.083786 
4114200744.000000 -0.617196 0.943662 1.592627 0.927814 1.323093 0.383673 1510.000000 1503.000000 1489.000000 992.000000 992.000000 992.000000 992.000000 1510.000000 1503.000000 1489.000000 0.000000 0.000000 0.000000 0.000000 0.000000 0.000000 0.554857 0.288653 5.083786 
4114301360.000000 -0.621965 0.939551 1.592565 0.443370 1.375608 0.242731 1510.000000 1504.000000 1489.000000 992.000000 992.000000 992.000000 992.000000 1510.000000 1504.000000 1489.000000 0.000000 0.000000 0.000000 0.000000 0.000000 2.406398 0.388400 0.923977 5.083786 
4114401767.000000 -0.614209 0.936302 1.593112 0.669270 1.032676 0.090170 1510.000000 1503.000000 1489.000000 992.000000 992.000000 992.000000 992.000000 1510.000000 1503.000000 1489.000000 0.000000 0.000000 0.000000 0.000000 0.000000 1.517054 0.271880 1.101900 5.083786 
4114502427.000000 -0.602974 0.930763 1.592809 0.782544 1.093784 0.236024 1510.000000 1503.000000 1489.000000 992.000000 992.000000 992.000000 992.000000 1510.000000 1503.000000 1489.000000 0.000000 0.000000 0.000000 0.000000 0.000000 1.517054 0.190316 1.226446 5.043791 
4114602906.000000 -0.598291 0.933100 1.595457 1.049307 1.233907 0.110440 1510.000000 1503.000000 1489.000000 992.000000 992.000000 992.000000 992.000000 1510.000000 1503.000000 1489.000000 0.000000 0.000000 0.000000 0.000000 0.000000 1.517054 0.133221 1.313628 5.043791 
4114703555.000000 -0.598500 0.929547 1.598909 0.630199 1.266226 0.380314 1510.000000 1503.000000 1489.000000 992.000000 992.000000 992.000000 992.000000 1510.000000 1503.000000 1489.000000 0.000000 0.000000 0.000000 0.000000 0.000000 1.517054 0.093255 1.374656 5.043791 
4114803862.000000 -0.581625 0.919751 1.600198 0.485027 1.295686 0.233396 1509.000000 1504.000000 1489.000000 992.000000 993.000000 992.000000 992.000000 1509.000000 1504.000000 1489.000000 0.000000 0.000000 0.000000 0.000000 1.441781 0.000000 0.497813 0.962259 5.043791 
4114904463.000000 -0.578497 0.926043 1.599709 0.670605 0.753163 0.075537 1510.000000 1503.000000 1489.000000 992.000000 992.000000 992.000000 992.000000 1510.000000 1503.000000 1489.000000 0.000000 0.000000 0.000000 0.000000 0.000000 0.000000 0.348469 0.673581 5.043791 
4115005099.000000 -0.583684 0.955690 1.602242 1.013227 1.116673 0.077983 1510.000000 1503.000000 1489.000000 992.000000 992.000000 992.000000 992.000000 1510.000000 1503.000000 1489.000000 0.000000 0.000000 0.000000 0.000000 0.000000 0.000000 0.243928 0.471507 5.043791 
4115105712.000000 -0.582788 0.947030 1.603947 0.929921 1.155833 0.190439 1509.000000 1503.000000 1490.000000 993.000000 992.000000 992.000000 993.000000 1509.000000 1503.000000 1490.000000 0.000000 0.000000 0.000000 0.000000 0.000000 2.406398 0.170750 1.051974 5.043791 
4115205918.000000 -0.579985 0.948611 1.602833 0.540795 1.184231 0.236556 1509.000000 1504.000000 1489.000000 992.000000 993.000000 992.000000 992.000000 1509.000000 1504.000000 1489.000000 0.000000 0.000000 0.000000 0.000000 0.000000 0.000000 0.119525 0.736382 5.043791 
4115306067.000000 -0.574770 0.937943 1.602822 0.814238 1.055494 0.184557 1510.000000 1503.000000 1489.000000 992.000000 992.000000 992.000000 992.000000 1510.000000 1503.000000 1489.000000 0.000000 0.000000 0.000000 0.000000 0.000000 0.000000 0.083667 0.515467 5.043791 
4115406260.000000 -0.213974 1.233643 0.985229 -1.953299 0.273580 0.177412 1510.000000 1503.000000 1490.000000 992.000000 992.000000 992.000000 992.000000 1510.000000 1503.000000 1490.000000 0.000000 0.000000 0.000000 0.000000 0.000000 0.000000 0.058567 0.360827 5.043791 
4115506896.000000 -0.299290 1.017982 1.259339 3.203987 0.497175 0.288195 1509.000000 1503.000000 1490.000000 993.000000 992.000000 992.000000 993.000000 1509.000000 1503.000000 1490.000000 0.000000 0.000000 0.000000 0.000000 3.552586 0.000000 1.106773 0.252579 4.538973 
4115607335.000000 -0.330489 0.980216 1.283181 1.159823 0.832273 0.289993 1509.000000 1504.000000 1490.000000 993.000000 993.000000 992.000000 993.000000 1509.000000 1504.000000 1490.000000 0.000000 0.000000 0.000000 0.000000 0.000000 2.406398 0.774741 0.898725 4.538973 
4115707298.000000 -0.319187 0.979251 1.292755 0.408896 1.186870 0.207139 1510.000000 1503.000000 1489.000000 992.000000 992.000000 992.000000 992.000000 1510.000000 1503.000000 1489.000000 0.000000 0.000000 0.000000 0.000000 0.000000 1.517054 0.542319 1.084224 4.538973 
4115807491.000000 -0.321765 0.979303 1.298778 1.065762 1.278283 0.453225 1510.000000 1504.000000 1489.000000 992.000000 992.000000 992.000000 992.000000 1510.000000 1504.000000 1489.000000 0.000000 0.000000 0.000000 0.000000 0.000000 0.000000 0.379623 0.758956 4.538973 
4115907523.000000 -0.320517 0.977556 1.305175 0.659908 1.343259 0.233042 1509.000000 1503.000000 1490.000000 993.000000 992.000000 992.000000 993.000000 1509.000000 1503.000000 1490.000000 0.000000 0.000000 0.000000 0.000000 0.000000 1.517054 0.265736 0.986386 4.538973 
4116008108.000000 -0.260983 0.962532 1.314552 1.523122 0.708551 0.725691 1510.000000 1504.000000 1490.000000 992.000000 992.000000 992.000000 992.000000 1510.000000 1504.000000 1490.000000 0.000000 0.000000 0.000000 0.000000 1.441781 2.406398 0.618549 1.412389 4.538973 
4116108707.000000 -0.166597 0.897484 1.327673 -0.374467 1.735196 0.253300 1510.000000 1503.000000 1489.000000 992.000000 992.000000 992.000000 992.000000 1510.000000 1503.000000 1489.000000 0.000000 0.000000 0.000000 0.000000 3.552586 0.000000 1.498761 0.988673 4.538973 
4116208897.000000 -0.177058 0.902135 1.328100 1.112868 0.759515 0.219484 1509.000000 1504.000000 1490.000000 992.000000 993.000000 992.000000 992.000000 1509.000000 1504.000000 1490.000000 0.000000 0.000000 0.000000 0.000000 1.441781 0.000000 1.481667 0.692071 4.538973 
4116309209.000000 -0.192452 0.910971 1.332036 -0.522854 3.831349 -0.520700 1509.000000 1504.000000 1490.000000 992.000000 993.000000 992.000000 992.000000 1509.000000 1504.000000 1490.000000 0.000000 0.000000 0.000000 0.000000 1.441781 0.000000 1.469701 0.484450 4.538973 
4116409532.000000 -0.148597 0.931084 1.329269 -1.698990 -2.345950 0.445525 1509.000000 1504.000000 1489.000000 992.000000 993.000000 992.000000 992.000000 1509.000000 1504.000000 1489.000000 0.000000 0.000000 0.000000 0.000000 1.441781 0.000000 1.461325 0.339115 4.538973 
4116509743.000000 -0.162852 0.916671 1.335916 1.818080 0.703441 0.211298 1510.000000 1503.000000 1489.000000 992.000000 992.000000 992.000000 992.000000 1510.000000 1503.000000 1489.000000 0.000000 0.000000 0.000000 0.000000 0.000000 0.000000 1.022927 0.237380 4.438440 
4116610030.000000 -0.186408 0.910060 1.344499 1.041113 1.061298 0.324593 1509.000000 1503.000000 1490.000000 993.000000 993.000000 992.000000 993.000000 1509.000000 1503.000000 1490.000000 0.000000 0.000000 0.000000 0.000000 0.000000 0.000000 0.716049 0.166166 4.438440 
4116710124.000000 -0.187317 0.907555 1.348711 1.240884 1.128157 0.180009 1509.000000 1505.000000 1490.000000 992.000000 993.000000 992.000000 992.000000 1509.000000 1505.000000 1490.000000 0.000000 0.000000 0.000000 0.000000 0.000000 2.406398 0.501234 0.838236 4.438440 
4116810147.000000 -0.178261 0.905408 1.348850 0.591979 0.641733 0.252819 1509.000000 1504.000000 1489.000000 992.000000 993.000000 992.000000 992.000000 1509.000000 1504.000000 1489.000000 0.000000 0.000000 0.000000 0.000000 1.441781 0.000000 0.783398 0.586765 4.438440 
4116910418.000000 -0.032497 1.247152 1.357659 0.991110 0.850880 -6.040127 1510.000000 1504.000000 1490.000000 992.000000 992.000000 992.000000 992.000000 1510.000000 1504.000000 1490.000000 0.000000 0.000000 0.000000 0.000000 0.000000 2.406398 0.548379 1.132655 4.438440 
4117010741.000000 -1.226116 0.844733 1.527614 2.340734 0.941454 0.825489 1510.000000 1504.000000 1490.000000 992.000000 992.000000 992.000000 992.000000 1510.000000 1504.000000 1490.000000 0.000000 0.000000 0.000000 0.000000 0.000000 2.406398 0.383865 1.514778 4.438440 
4117110834.000000 -1.085243 0.853205 1.540218 0.106720 0.944807 0.113234 1510.000000 1503.000000 1489.000000 992.000000 992.000000 992.000000 992.000000 1510.000000 1503.000000 1489.000000 0.000000 0.000000 0.000000 0.000000 0.000000 2.406398 0.268706 1.782264 4.438440 
4117210818.000000 -1.024283 0.863738 1.544482 0.431779 0.883459 0.123095 1510.000000 1503.000000 1489.000000 992.000000 992.000000 992.000000 992.000000 1510.000000 1503.000000 1489.000000 0.000000 0.000000 0.000000 0.000000 1.441781 1.517054 0.620628 1.702701 4.438440 
4117311141.000000 -0.631654 1.145810 1.872743 0.623014 1.635287 4.384815 1509.000000 1504.000000 1490.000000 992.000000 993.000000 992.000000 992.000000 1509.000000 1504.000000 1490.000000 0.000000 0.000000 0.000000 0.000000 1.441781 0.000000 0.866974 1.191891 4.438440 
4117411436.000000 -0.675399 1.167449 2.238360 -1.060026 0.569133 0.265352 1510.000000 1504.000000 1490.000000 992.000000 992.000000 992.000000 992.000000 1510.000000 1504.000000 1490.000000 0.000000 0.000000 0.000000 0.000000 0.000000 0.000000 0.606882 0.834323 4.438440 
4117511347.000000 -0.702444 0.999674 2.201345 0.922885 0.911955 0.197730 1509.000000 1504.000000 1490.000000 992.000000 993.000000 992.000000 992.000000 1509.000000 1504.000000 1490.000000 0.000000 0.000000 0.000000 0.000000 2.359667 1.517054 1.132717 1.039143 5.699912 
4117611456.000000 -0.647190 1.002320 2.200449 0.591006 0.874424 0.095760 1510.000000 1503.000000 1489.000000 992.000000 992.000000 992.000000 992.000000 1510.000000 1503.000000 1489.000000 0.000000 0.000000 0.000000 0.000000 0.000000 1.517054 0.792902 1.182516 5.699912 
4117711711.000000 -0.652503 1.015678 2.196953 -4.353034 0.987979 -0.555791 1509.000000 1504.000000 1490.000000 992.000000 993.000000 992.000000 992.000000 1509.000000 1504.000000 1490.000000 0.000000 0.000000 0.000000 0.000000 1.441781 0.000000 0.987566 0.827761 5.699912 
4117811754.000000 -0.682615 1.003050 2.196624 1.144873 1.103460 -0.024044 1510.000000 1503.000000 1489.000000 992.000000 992.000000 992.000000 992.000000 1510.000000 1503.000000 1489.000000 0.000000 0.000000 0.000000 0.000000 2.359667 2.406398 1.399196 1.301352 5.699912 
4117911714.000000 -0.648935 1.025466 2.199132 0.221984 1.274224 0.251427 1510.000000 1503.000000 1489.000000 992.000000 992.000000 992.000000 992.000000 1510.000000 1503.000000 1489.000000 0.000000 0.000000 0.000000 0.000000 1.441781 0.000000 1.411972 0.910947 5.699912 
4118012040.000000 -0.587442 1.030115 2.200974 0.203343 1.073060 0.284919 1509.000000 1503.000000 1490.000000 993.000000 993.000000 992.000000 993.000000 1509.000000 1503.000000 1490.000000 0.000000 0.000000 0.000000 0.000000 0.000000 0.000000 0.988380 0.637663 5.699912 
4118112922.000000 -0.569638 1.042064 2.203859 0.681795 1.717208 0.218300 1509.000000 1505.000000 1490.000000 992.000000 993.000000 992.000000 992.000000 1509.000000 1505.000000 1490.000000 0.000000 0.000000 0.000000 0.000000 2.359667 0.000000 1.399766 0.446364 5.699912 
4118213243.000000 -0.536193 1.053106 2.206881 0.600132 1.154703 0.113358 1509.000000 1504.000000 1489.000000 992.000000 993.000000 992.000000 992.000000 1509.000000 1504.000000 1489.000000 0.000000 0.000000 0.000000 0.000000 1.441781 1.517054 1.412371 0.767571 5.699912 
4118313579.000000 -0.524208 1.044402 2.210590 1.366228 0.876693 0.302441 1509.000000 1504.000000 1489.000000 992.000000 993.000000 992.000000 992.000000 1509.000000 1504.000000 1489.000000 0.000000 0.000000 0.000000 0.000000 1.441781 0.000000 1.421194 0.537300 5.699912 
4118413780.000000 -0.499498 1.053755 2.212557 0.227392 1.186105 0.278442 1510.000000 1504.000000 1490.000000 992.000000 992.000000 992.000000 992.000000 1510.000000 1504.000000 1490.000000 0.000000 0.000000 0.000000 0.000000 0.000000 0.000000 0.994835 0.376110 5.699912 
4118514406.000000 -0.472457 1.051033 2.216864 1.146339 0.629771 0.155855 1510.000000 1503.000000 1489.000000 992.000000 992.000000 992.000000 992.000000 1510.000000 1503.000000 1489.000000 0.000000 0.000000 0.000000 0.000000 0.000000 0.000000 0.696385 0.263277 6.662945 
4118614560.000000 -0.463862 1.057691 2.222671 1.023097 1.014119 0.372284 1509.000000 1504.000000 1490.000000 993.000000 993.000000 992.000000 993.000000 1509.000000 1504.000000 1490.000000 0.000000 0.000000 0.000000 0.000000 0.000000 0.000000 0.487469 0.184294 6.662945 
4118714560.000000 -0.447981 1.055472 2.226415 0.689753 0.922556 0.115619 1509.000000 1504.000000 1490.000000 992.000000 993.000000 992.000000 992.000000 1509.000000 1504.000000 1490.000000 0.000000 0.000000 0.000000 0.000000 0.000000 0.000000 0.341229 0.129006 6.662945 
4118814892.000000 -0.416860 1.056693 2.229260 -0.241998 0.902897 -0.164942 1510.000000 1504.000000 1490.000000 992.000000 992.000000 992.000000 992.000000 1510.000000 1504.000000 1490.000000 0.000000 0.000000 0.000000 0.000000 2.359667 1.517054 0.946760 0.545420 6.662945 
4118915190.000000 -0.421702 1.049434 2.232759 1.283813 0.970554 0.157128 1510.000000 1504.000000 1490.000000 992.000000 992.000000 992.000000 992.000000 1510.000000 1504.000000 1490.000000 0.000000 0.000000 0.000000 0.000000 0.000000 0.000000 0.662732 0.381794 6.662945 
4119015449.000000 -0.392613 1.071700 2.234076 1.443281 1.167168 0.289744 1509.000000 1505.000000 1490.000000 992.000000 993.000000 992.000000 992.000000 1509.000000 1505.000000 1490.000000 0.000000 0.000000 0.000000 0.000000 0.000000 0.000000 0.463912 0.267256 6.662945 
4119115633.000000 -0.386527 1.050752 2.231878 0.945505 1.052310 0.128782 1509.000000 1504.000000 1490.000000 992.000000 993.000000 992.000000 992.000000 1509.000000 1504.000000 1490.000000 0.000000 0.000000 0.000000 0.000000 0.000000 2.406398 0.324739 0.908998 6.662945 
4119215624.000000 -0.367726 1.059240 2.233262 0.251565 1.161664 0.295703 1509.000000 1504.000000 1490.000000 993.000000 993.000000 992.000000 993.000000 1509.000000 1504.000000 1490.000000 0.000000 0.000000 0.000000 0.000000 0.000000 2.406398 0.227317 1.358218 6.662945 
4119316193.000000 -0.369245 1.065835 2.233833 1.075193 1.446459 0.226830 1510.000000 1504.000000 1490.000000 992.000000 992.000000 992.000000 992.000000 1510.000000 1504.000000 1490.000000 0.000000 0.000000 0.000000 0.000000 0.000000 1.517054 0.159122 1.405869 6.662945 
4119416471.000000 -0.356741 1.049533 2.236588 0.882088 0.941895 0.207243 1509.000000 1504.000000 1489.000000 992.000000 993.000000 992.000000 992.000000 1509.000000 1504.000000 1489.000000 0.000000 0.000000 0.000000 0.000000 0.000000 1.517054 0.111385 1.439225 6.662945 
4119516879.000000 -0.348278 1.068726 2.235373 0.185394 1.272538 0.191569 1509.000000 1504.000000 1490.000000 993.000000 993.000000 992.000000 993.000000 1509.000000 1504.000000 1490.000000 0.000000 0.000000 0.000000 0.000000 0.000000 0.000000 0.077970 1.007457 6.832629 
4119617510.000000 -0.338710 1.051800 2.235586 0.878451 1.015365 0.083038 1510.000000 1504.000000 1490.000000 992.000000 992.000000 992.000000 992.000000 1510.000000 1504.000000 1490.000000 0.000000 0.000000 0.000000 0.000000 0.000000 2.406398 0.054579 1.427140 6.832629 
4119717538.000000 -0.338266 1.058829 2.238118 1.589311 0.543081 0.338232 1510.000000 1503.000000 1489.000000 992.000000 992.000000 992.000000 992.000000 1510.000000 1503.000000 1489.000000 0.000000 0.000000 0.000000 0.000000 0.000000 2.406398 0.038205 1.720917 6.832629 
4119817725.000000 -0.339540 1.053224 2.244388 0.704929 1.668972 0.650965 1509.000000 1504.000000 1490.000000 992.000000 993.000000 992.000000 992.000000 1509.000000 1504.000000 1490.000000 0.000000 0.000000 0.000000 0.000000 2.359667 2.406398 0.734644 1.926561 6.832629 
4119918140.000000 -0.331015 1.069347 2.249815 0.378951 1.272720 0.256198 1509.000000 1505.000000 1490.000000 992.000000 993.000000 992.000000 992.000000 1509.000000 1505.000000 1490.000000 0.000000 0.000000 0.000000 0.000000 1.441781 0.000000 0.946785 1.348593 6.832629 
4120018499.000000 -0.280768 1.064541 2.247517 0.388466 0.776707 0.123194 1510.000000 1504.000000 1489.000000 992.000000 992.000000 992.000000 992.000000 1510.000000 1504.000000 1489.000000 0.000000 0.000000 0.000000 0.000000 0.000000 0.000000 0.662749 0.944015 6.832629 
4120118775.000000 -0.283771 1.071874 2.250309 1.408811 0.922689 0.329450 1510.000000 1503.000000 1489.000000 992.000000 992.000000 992.000000 992.000000 1510.000000 1503.000000 1489.000000 0.000000 0.000000 0.000000 0.000000 0.000000 1.517054 0.463925 1.115927 6.832629 
4120218784.000000 -0.286235 1.070608 2.253863 0.916428 1.167304 0.253213 1510.000000 1504.000000 1490.000000 992.000000 992.000000 992.000000 992.000000 1510.000000 1504.000000 1490.000000 0.000000 0.000000 0.000000 0.000000 0.000000 0.000000 0.324747 0.781149 6.832629 
4120319418.000000 -0.286870 1.051868 2.254344 0.563884 1.067701 0.238046 1510.000000 1503.000000 1489.000000 992.000000 992.000000 992.000000 992.000000 1510.000000 1503.000000 1489.000000 0.000000 0.000000 0.000000 0.000000 0.000000 2.406398 0.227323 1.268723 6.832629 
4120420026.000000 -0.285390 1.071082 2.257942 0.746344 1.284682 0.259371 1509.000000 1503.000000 1489.000000 993.000000 993.000000 992.000000 993.000000 1509.000000 1503.000000 1489.000000 0.000000 0.000000 0.000000 0.000000 1.441781 2.406398 0.591660 1.610026 6.832629 
4120520452.000000 -0.279607 1.065147 2.261865 0.861612 1.325212 0.059991 1510.000000 1503.000000 1490.000000 992.000000 992.000000 992.000000 992.000000 1510.000000 1503.000000 1490.000000 0.000000 0.000000 0.000000 0.000000 0.000000 1.517054 0.414162 1.582134 6.542975 
4120620533.000000 -0.273621 1.067607 2.265656 1.224534 1.254385 0.219031 1509.000000 1504.000000 1490.000000 992.000000 993.000000 992.000000 992.000000 1509.000000 1504.000000 1490.000000 0.000000 0.000000 0.000000 0.000000 1.441781 1.517054 0.722448 1.562610 6.542975 
4120720585.000000 -0.288022 1.063794 2.263650 0.713169 1.112477 0.080587 1510.000000 1504.000000 1489.000000 992.000000 992.000000 992.000000 992.000000 1510.000000 1504.000000 1489.000000 0.000000 0.000000 0.000000 0.000000 1.441781 2.406398 0.938248 1.815747 6.542975 
4120820845.000000 -0.265128 1.061875 2.267082 0.252916 0.987198 0.220174 1509.000000 1504.000000 1490.000000 992.000000 993.000000 992.000000 992.000000 1509.000000 1504.000000 1490.000000 0.000000 0.000000 0.000000 0.000000 1.441781 1.517054 1.089307 1.726139 6.542975 
4120920808.000000 -0.274352 1.071311 2.268043 0.497406 1.033669 0.055307 1510.000000 1504.000000 1490.000000 992.000000 992.000000 992.000000 992.000000 1510.000000 1504.000000 1490.000000 0.000000 0.000000 0.000000 0.000000 0.000000 0.000000 0.762515 1.208297 6.542975 
4121021360.000000 -0.302739 1.044953 2.261544 1.221860 1.208693 0.177973 1510.000000 1503.000000 1489.000000 992.000000 992.000000 992.000000 992.000000 1510.000000 1503.000000 1489.000000 0.000000 0.000000 0.000000 0.000000 1.441781 0.000000 0.966295 0.845808 6.542975 
4121121500.000000 -0.281511 1.037253 2.264681 0.607296 0.796921 0.186016 1510.000000 1504.000000 1489.000000 992.000000 992.000000 992.000000 992.000000 1510.000000 1504.000000 1489.000000 0.000000 0.000000 0.000000 0.000000 0.000000 2.406398 0.676406 1.313985 6.542975 
4121221992.000000 -0.288667 1.052088 2.264998 0.460398 0.985445 0.025749 1510.000000 1503.000000 1490.000000 992.000000 992.000000 992.000000 992.000000 1510.000000 1503.000000 1490.000000 0.000000 0.000000 0.000000 0.000000 0.000000 0.000000 0.473484 0.919789 6.542975 
4121322329.000000 -0.293016 1.041480 2.265427 0.693660 0.723473 0.036156 1509.000000 1504.000000 1490.000000 993.000000 992.000000 992.000000 993.000000 1509.000000 1504.000000 1490.000000 0.000000 0.000000 0.000000 0.000000 0.000000 0.000000 0.331439 0.643853 6.542975 
4121422520.000000 -0.281040 1.040596 2.266695 0.712678 0.967564 0.107791 1510.000000 1503.000000 1489.000000 992.000000 992.000000 992.000000 992.000000 1510.000000 1503.000000 1489.000000 0.000000 0.000000 0.000000 0.000000 0.000000 0.000000 0.232007 0.450697 6.542975 
4121522929.000000 -0.290326 1.061567 2.272000 0.448172 1.045879 0.381857 1510.000000 1504.000000 1490.000000 992.000000 992.000000 992.000000 992.000000 1510.000000 1504.000000 1490.000000 0.000000 0.000000 0.000000 0.000000 1.441781 0.000000 0.594939 0.315488 5.076220 
4121623005.000000 -0.271568 1.037804 2.273394 0.823071 0.670659 0.044968 1510.000000 1504.000000 1490.000000 992.000000 992.000000 992.000000 992.000000 1510.000000 1504.000000 1490.000000 0.000000 0.000000 0.000000 0.000000 2.359667 0.000000 1.124358 0.220841 5.076220 
4121723095.000000 -0.277753 1.064164 2.273082 1.796052 0.801251 -0.048954 1510.000000 1504.000000 1490.000000 992.000000 993.000000 992.000000 992.000000 1510.000000 1504.000000 1490.000000 0.000000 0.000000 0.000000 0.000000 0.000000 0.000000 0.787050 0.154589 5.076220 
4121823308.000000 -0.276072 1.041386 2.281099 0.415658 1.230411 0.246491 1509.000000 1504.000000 1489.000000 992.000000 993.000000 992.000000 992.000000 1509.000000 1504.000000 1489.000000 0.000000 0.000000 0.000000 0.000000 1.441781 1.517054 0.983469 0.563329 5.076220 
4121923723.000000 -0.271933 1.059628 2.282182 0.346766 0.969509 -0.002185 1509.000000 1503.000000 1490.000000 993.000000 993.000000 992.000000 993.000000 1509.000000 1503.000000 1490.000000 0.000000 0.000000 0.000000 0.000000 0.000000 1.517054 0.688429 0.849446 5.076220 
4122024231.000000 -0.272351 1.045984 2.285555 0.710211 1.223958 0.147994 1510.000000 1504.000000 1490.000000 992.000000 992.000000 992.000000 992.000000 1510.000000 1504.000000 1490.000000 0.000000 0.000000 0.000000 0.000000 1.441781 0.000000 0.914434 0.594612 5.076220 
4122124369.000000 -0.269742 1.056769 2.287398 0.788913 0.885248 -0.058931 1510.000000 1503.000000 1489.000000 992.000000 992.000000 992.000000 992.000000 1510.000000 1503.000000 1489.000000 0.000000 0.000000 0.000000 0.000000 2.359667 0.000000 1.348004 0.416229 5.076220 
4122224357.000000 -0.272759 1.052754 2.291554 0.677773 0.682821 0.018434 1510.000000 1503.000000 1490.000000 992.000000 992.000000 992.000000 992.000000 1510.000000 1503.000000 1490.000000 0.000000 0.000000 0.000000 0.000000 1.441781 2.406398 1.376137 1.013279 5.076220 
4122324778.000000 -0.276627 1.048576 2.292659 0.676343 0.876399 0.034183 1510.000000 1503.000000 1489.000000 992.000000 993.000000 992.000000 992.000000 1510.000000 1503.000000 1489.000000 0.000000 0.000000 0.000000 0.000000 1.441781 1.517054 1.395830 1.164412 5.076220 
4122424831.000000 -0.268390 1.053200 2.291745 0.598055 1.131783 0.301629 1510.000000 1503.000000 1489.000000 992.000000 992.000000 992.000000 992.000000 1510.000000 1503.000000 1489.000000 0.000000 0.000000 0.000000 0.000000 0.000000 0.000000 0.977081 0.815088 5.076220 
4122525189.000000 -0.279215 1.051539 2.295979 0.552576 1.453613 0.146004 1510.000000 1504.000000 1490.000000 992.000000 992.000000 992.000000 992.000000 1510.000000 1504.000000 1490.000000 0.000000 0.000000 0.000000 0.000000 0.000000 0.000000 0.683957 0.570562 5.237280 
4122625188.000000 -0.287387 1.058326 2.296669 0.510798 0.964576 0.160514 1509.000000 1503.000000 1490.000000 993.000000 992.000000 992.000000 993.000000 1509.000000 1503.000000 1490.000000 0.000000 0.000000 0.000000 0.000000 0.000000 0.000000 0.478770 0.399393 5.237280 
4122725734.000000 -0.282009 1.050539 2.300634 0.859758 0.909082 0.291874 1509.000000 1504.000000 1490.000000 993.000000 993.000000 992.000000 993.000000 1509.000000 1504.000000 1490.000000 0.000000 0.000000 0.000000 0.000000 0.000000 0.000000 0.335139 0.279575 5.237280 
4122826028.000000 -0.275454 1.069721 2.301392 0.781767 0.946063 0.094588 1509.000000 1505.000000 1490.000000 992.000000 993.000000 992.000000 992.000000 1509.000000 1505.000000 1490.000000 0.000000 0.000000 0.000000 0.000000 1.441781 1.517054 0.667131 0.650819 5.237280 
4122926036.000000 -0.290973 1.055063 2.298062 0.831094 0.943290 0.126532 1510.000000 1504.000000 1490.000000 992.000000 992.000000 992.000000 992.000000 1510.000000 1504.000000 1490.000000 0.000000 0.000000 0.000000 0.000000 0.000000 0.000000 0.466992 0.455573 5.237280 
4123026373.000000 -0.249951 1.037772 2.285231 0.570539 1.060933 0.298360 1509.000000 1504.000000 1490.000000 992.000000 993.000000 992.000000 992.000000 1509.000000 1504.000000 1490.000000 0.000000 0.000000 0.000000 0.000000 3.021849 2.406398 1.233449 1.040821 5.237280 
4123126699.000000 -0.250647 1.032330 2.288558 0.476366 1.080624 0.252172 1510.000000 1504.000000 1490.000000 992.000000 992.000000 992.000000 992.000000 1510.000000 1504.000000 1490.000000 0.000000 0.000000 0.000000 0.000000 2.359667 0.000000 1.571315 0.728574 5.237280 
4123226950.000000 -0.252047 1.035591 2.287789 0.680760 0.979658 0.122407 1510.000000 1503.000000 1489.000000 992.000000 992.000000 992.000000 992.000000 1510.000000 1503.000000 1489.000000 0.000000 0.000000 0.000000 0.000000 0.000000 1.517054 1.099920 0.965118 5.237280 
4123326916.000000 -0.269791 1.061361 2.287677 0.821725 1.087422 0.225599 1509.000000 1504.000000 1490.000000 993.000000 993.000000 992.000000 993.000000 1509.000000 1504.000000 1490.000000 0.000000 0.000000 0.000000 0.000000 0.000000 0.000000 0.769944 0.675583 5.237280 
4123427040.000000 -0.260757 1.026816 2.287138 0.319412 0.971150 0.099513 1510.000000 1504.000000 1490.000000 992.000000 992.000000 992.000000 992.000000 1510.000000 1504.000000 1490.000000 0.000000 0.000000 0.000000 0.000000 2.359667 0.000000 1.246861 0.472908 5.237280 
4123527309.000000 -0.255861 1.065928 2.292322 0.911674 1.091673 0.343812 1510.000000 1503.000000 1489.000000 992.000000 992.000000 992.000000 992.000000 1510.000000 1503.000000 1489.000000 0.000000 0.000000 0.000000 0.000000 1.441781 0.000000 1.305337 0.331036 5.833941 
4123627617.000000 -0.264943 1.044578 2.295040 1.090723 1.049824 0.277197 1510.000000 1503.000000 1490.000000 992.000000 992.000000 992.000000 992.000000 1510.000000 1503.000000 1490.000000 0.000000 0.000000 0.000000 0.000000 0.000000 0.000000 0.913736 0.231725 5.833941 
4123727599.000000 -0.260858 1.049857 2.294309 0.801368 0.748214 0.054273 1509.000000 1504.000000 1489.000000 992.000000 993.000000 992.000000 992.000000 1509.000000 1504.000000 1489.000000 0.000000 0.000000 0.000000 0.000000 0.000000 2.406398 0.639615 0.884127 5.833941 
4123827923.000000 -0.264370 1.061348 2.297868 0.245312 1.252027 0.263521 1510.000000 1503.000000 1489.000000 992.000000 992.000000 992.000000 992.000000 1510.000000 1503.000000 1489.000000 0.000000 0.000000 0.000000 0.000000 0.000000 2.406398 0.447730 1.340808 5.833941 
4123928550.000000 -0.266684 1.059541 2.299632 0.687471 0.999398 0.156200 1510.000000 1504.000000 1490.000000 992.000000 992.000000 992.000000 992.000000 1510.000000 1504.000000 1490.000000 0.000000 0.000000 0.000000 0.000000 0.000000 0.000000 0.313411 0.938566 5.833941 
4124028919.000000 -0.293922 1.040868 2.305636 1.067162 0.855697 0.171171 1509.000000 1504.000000 1489.000000 992.000000 993.000000 992.000000 992.000000 1509.000000 1504.000000 1489.000000 0.000000 0.000000 0.000000 0.000000 0.000000 1.517054 0.219388 1.112112 5.833941 
4124129207.000000 -0.283085 1.041251 2.307702 0.517442 1.075902 0.311098 1509.000000 1503.000000 1489.000000 993.000000 993.000000 992.000000 993.000000 1509.000000 1503.000000 1489.000000 0.000000 0.000000 0.000000 0.000000 0.000000 0.000000 0.153572 0.778479 5.833941 
4124229562.000000 -0.284221 1.039779 2.311006 0.420432 1.097471 0.286136 1510.000000 1503.000000 1490.000000 992.000000 992.000000 992.000000 992.000000 1510.000000 1503.000000 1490.000000 0.000000 0.000000 0.000000 0.000000 0.000000 0.000000 0.107500 0.544935 5.833941 
4124329835.000000 -0.288462 1.041273 2.312756 0.876195 1.117875 0.443961 1510.000000 1503.000000 1489.000000 992.000000 992.000000 992.000000 992.000000 1510.000000 1503.000000 1489.000000 0.000000 0.000000 0.000000 0.000000 1.441781 2.406398 0.507784 1.103374 5.833941 
4124429829.000000 -0.291238 1.041944 2.313988 1.135894 1.076635 -0.076529 1510.000000 1503.000000 1489.000000 992.000000 992.000000 992.000000 992.000000 1510.000000 1503.000000 1489.000000 0.000000 0.000000 0.000000 0.000000 0.000000 0.000000 0.355449 0.772362 5.833941 
4124530204.000000 -0.291489 1.039772 2.315630 0.666664 1.025819 0.238334 1510.000000 1503.000000 1489.000000 992.000000 992.000000 992.000000 992.000000 1510.000000 1503.000000 1489.000000 0.000000 0.000000 0.000000 0.000000 1.441781 1.517054 0.681348 0.995769 6.260880 
4124630747.000000 -0.289450 1.042891 2.313109 0.268041 1.230007 0.118996 1510.000000 1504.000000 1490.000000 992.000000 992.000000 992.000000 992.000000 1510.000000 1504.000000 1490.000000 0.000000 0.000000 0.000000 0.000000 1.441781 0.000000 0.909478 0.697039 6.260880 
4124731345.000000 -0.293637 1.047923 2.314667 0.565693 1.270339 0.355805 1510.000000 1503.000000 1490.000000 992.000000 992.000000 992.000000 992.000000 1510.000000 1503.000000 1490.000000 0.000000 0.000000 0.000000 0.000000 0.000000 2.406398 0.636635 1.209846 6.260880 
4124831969.000000 -0.294064 1.052906 2.316801 1.139073 0.766977 0.151901 1510.000000 1504.000000 1489.000000 992.000000 992.000000 992.000000 992.000000 1510.000000 1504.000000 1489.000000 0.000000 0.000000 0.000000 0.000000 2.359667 1.517054 1.153544 1.302009 6.260880 
4124931980.000000 -0.298058 1.046692 2.320918 0.916734 1.115138 0.413444 1509.000000 1503.000000 1490.000000 993.000000 993.000000 992.000000 993.000000 1509.000000 1503.000000 1490.000000 0.000000 0.000000 0.000000 0.000000 2.359667 2.406398 1.515381 1.633325 6.260880 
4125032672.000000 -0.302020 1.062461 2.338573 0.287786 1.053984 0.127079 1510.000000 1504.000000 1489.000000 992.000000 992.000000 992.000000 992.000000 1510.000000 1504.000000 1489.000000 0.000000 0.000000 0.000000 0.000000 0.000000 2.406398 1.060767 1.865247 6.260880 
4125132887.000000 -0.298374 1.047211 2.340275 0.619442 0.753662 -0.027391 1510.000000 1503.000000 1489.000000 992.000000 992.000000 992.000000 992.000000 1510.000000 1503.000000 1489.000000 0.000000 0.000000 0.000000 0.000000 0.000000 0.000000 0.742537 1.305673 6.260880 
4125232947.000000 -0.302536 1.062610 2.342595 1.153533 0.742967 -0.100777 1510.000000 1504.000000 1490.000000 992.000000 992.000000 992.000000 992.000000 1510.000000 1504.000000 1490.000000 0.000000 0.000000 0.000000 0.000000 0.000000 1.517054 0.519776 1.369087 6.260880 
4125333127.000000 -0.303044 1.055112 2.344675 1.011660 1.413140 0.265978 1510.000000 1503.000000 1489.000000 992.000000 992.000000 992.000000 992.000000 1510.000000 1503.000000 1489.000000 0.000000 0.000000 0.000000 0.000000 0.000000 2.406398 0.363843 1.680280 6.260880 
4125433578.000000 -0.298759 1.063166 2.347339 1.016030 1.064341 0.346953 1510.000000 1503.000000 1489.000000 992.000000 992.000000 992.000000 992.000000 1510.000000 1503.000000 1489.000000 0.000000 0.000000 0.000000 0.000000 1.441781 1.517054 0.687224 1.631313 6.260880 
4125534186.000000 -0.312710 1.073771 2.349334 0.721653 0.885312 0.102634 1509.000000 1504.000000 1490.000000 992.000000 993.000000 992.000000 992.000000 1509.000000 1504.000000 1490.000000 0.000000 0.000000 0.000000 0.000000 0.000000 1.517054 0.481057 1.597035 5.664242 
4125634201.000000 -0.320316 1.058434 2.352360 0.144987 0.875403 -0.087095 1509.000000 1504.000000 1490.000000 992.000000 993.000000 992.000000 992.000000 1509.000000 1504.000000 1490.000000 0.000000 0.000000 0.000000 0.000000 3.021849 0.000000 1.243295 1.117924 5.664242 
4125734484.000000 -0.332315 1.082402 2.359016 0.567062 1.000730 0.310982 1510.000000 1503.000000 1489.000000 992.000000 992.000000 992.000000 992.000000 1510.000000 1503.000000 1489.000000 0.000000 0.000000 0.000000 0.000000 0.000000 2.406398 0.870306 1.504467 5.664242 
4125834481.000000 -0.322630 1.086004 2.363066 0.375008 1.531355 0.238764 1510.000000 1503.000000 1489.000000 992.000000 992.000000 992.000000 992.000000 1510.000000 1503.000000 1489.000000 0.000000 0.000000 0.000000 0.000000 0.000000 0.000000 0.609214 1.053127 5.664242 
4125934467.000000 -0.334787 1.089625 2.368524 1.303695 0.780515 0.024499 1509.000000 1504.000000 1489.000000 992.000000 993.000000 992.000000 992.000000 1509.000000 1504.000000 1489.000000 0.000000 0.000000 0.000000 0.000000 0.000000 0.000000 0.426450 0.737189 5.664242 
4126035165.000000 -0.340828 1.067451 2.365194 0.580620 1.070027 -0.025321 1510.000000 1504.000000 1490.000000 992.000000 992.000000 992.000000 992.000000 1510.000000 1504.000000 1490.000000 0.000000 0.000000 0.000000 0.000000 0.000000 1.517054 0.298515 0.971148 5.664242 
4126135219.000000 -0.347366 1.082787 2.368187 0.544680 1.052226 0.307499 1510.000000 1503.000000 1489.000000 992.000000 992.000000 992.000000 992.000000 1510.000000 1503.000000 1489.000000 0.000000 0.000000 0.000000 0.000000 0.000000 1.517054 0.208960 1.134920 5.664242 
4126235741.000000 -0.338141 1.074001 2.369733 1.069996 1.036400 0.137515 1510.000000 1503.000000 1490.000000 992.000000 992.000000 992.000000 992.000000 1510.000000 1503.000000 1490.000000 0.000000 0.000000 0.000000 0.000000 0.000000 1.517054 0.146272 1.249560 5.664242 
4126335720.000000 -0.343430 1.086114 2.372484 1.159861 0.947032 -0.013398 1510.000000 1503.000000 1489.000000 992.000000 992.000000 992.000000 992.000000 1510.000000 1503.000000 1489.000000 0.000000 0.000000 0.000000 0.000000 0.000000 0.000000 0.102391 0.874692 5.664242 
4126436334.000000 -0.350424 1.084705 2.372271 0.719783 1.157362 0.329848 1510.000000 1504.000000 1489.000000 992.000000 992.000000 992.000000 992.000000 1510.000000 1504.000000 1489.000000 0.000000 0.000000 0.000000 0.000000 0.000000 2.406398 0.071673 1.334204 5.664242 
4126536552.000000 -0.350240 1.084428 2.374783 0.681817 1.094384 0.231913 1509.000000 1504.000000 1490.000000 992.000000 993.000000 992.000000 992.000000 1509.000000 1504.000000 1490.000000 0.000000 0.000000 0.000000 0.000000 0.000000 2.406398 0.050171 1.655862 5.591822 
4126636656.000000 -0.367662 1.100389 2.379927 0.999825 1.359628 0.362508 1509.000000 1504.000000 1490.000000 992.000000 993.000000 992.000000 992.000000 1509.000000 1504.000000 1490.000000 0.000000 0.000000 0.000000 0.000000 1.441781 1.517054 0.467654 1.614220 5.591822 
4126737057.000000 -0.373395 1.076815 2.382780 0.670377 0.888979 0.106856 1510.000000 1504.000000 1490.000000 992.000000 992.000000 992.000000 992.000000 1510.000000 1504.000000 1490.000000 0.000000 0.000000 0.000000 0.000000 0.000000 2.406398 0.327358 1.851873 5.591822 
4126837582.000000 -0.346637 1.075245 2.385764 0.473158 0.834137 0.167659 1509.000000 1504.000000 1490.000000 992.000000 993.000000 992.000000 992.000000 1509.000000 1504.000000 1490.000000 0.000000 0.000000 0.000000 0.000000 0.000000 0.000000 0.229151 1.296311 5.591822 
4126937619.000000 -0.323523 1.043207 2.385886 1.502267 0.963185 0.256398 1509.000000 1502.000000 1488.000000 992.000000 993.000000 992.000000 992.000000 1509.000000 1502.000000 1488.000000 0.000000 0.000000 0.000000 0.000000 0.000000 2.406398 0.160405 1.629337 5.591822 
4127037681.000000 -0.317092 1.063741 2.384770 0.825190 1.136064 0.224227 1510.000000 1503.000000 1489.000000 992.000000 992.000000 992.000000 992.000000 1510.000000 1503.000000 1489.000000 0.000000 0.000000 0.000000 0.000000 1.441781 1.517054 0.544818 1.595652 5.591822 
4127138231.000000 -0.299872 1.058493 2.390233 0.775626 1.211524 0.218952 1510.000000 1504.000000 1490.000000 992.000000 992.000000 992.000000 992.000000 1510.000000 1504.000000 1490.000000 0.000000 0.000000 0.000000 0.000000 0.000000 0.000000 0.381373 1.116957 5.591822 
4127238844.000000 -0.294607 1.062683 2.396665 1.066451 0.766697 0.014524 1509.000000 1504.000000 1490.000000 992.000000 993.000000 992.000000 992.000000 1509.000000 1504.000000 1490.000000 0.000000 0.000000 0.000000 0.000000 0.000000 1.517054 0.266961 1.236986 5.591822 
4127339488.000000 -0.292747 1.067454 2.400293 0.677610 0.779601 0.301425 1510.000000 1503.000000 1489.000000 992.000000 992.000000 992.000000 992.000000 1510.000000 1503.000000 1489.000000 0.000000 0.000000 0.000000 0.000000 1.441781 2.406398 0.619407 1.587809 5.591822 
4127439785.000000 -0.296347 1.070068 2.403782 0.968379 1.080541 0.143815 1510.000000 1503.000000 1490.000000 992.000000 992.000000 992.000000 992.000000 1510.000000 1503.000000 1490.000000 0.000000 0.000000 0.000000 0.000000 0.000000 0.000000 0.433585 1.111467 5.591822 
4127539926.000000 -0.301094 1.069903 2.403826 1.041904 0.810439 0.232019 1509.000000 1504.000000 1490.000000 992.000000 993.000000 992.000000 992.000000 1509.000000 1504.000000 1490.000000 0.000000 0.000000 0.000000 0.000000 0.000000 0.000000 0.303509 0.778027 4.314123 
4127640158.000000 -0.307746 1.073467 2.402067 0.730076 0.791520 0.116982 1510.000000 1503.000000 1489.000000 992.000000 992.000000 992.000000 992.000000 1510.000000 1503.000000 1489.000000 0.000000 0.000000 0.000000 0.000000 0.000000 1.517054 0.212456 0.999735 4.314123 
4127740537.000000 -0.303947 1.069794 2.402087 0.509315 1.021937 0.174284 1510.000000 1503.000000 1489.000000 992.000000 992.000000 992.000000 992.000000 1510.000000 1503.000000 1489.000000 0.000000 0.000000 0.000000 0.000000 3.552586 0.000000 1.214496 0.699814 4.314123 
4127840702.000000 -0.303044 1.072898 2.408278 0.976816 1.042770 0.073455 1509.000000 1504.000000 1490.000000 992.000000 993.000000 992.000000 992.000000 1509.000000 1504.000000 1490.000000 0.000000 0.000000 0.000000 0.000000 1.441781 0.000000 1.282681 0.489870 4.314123 
4127941348.000000 -0.293324 1.065211 2.411214 0.251893 1.398687 0.375682 1510.000000 1503.000000 1489.000000 992.000000 992.000000 992.000000 992.000000 1510.000000 1503.000000 1489.000000 0.000000 0.000000 0.000000 0.000000 1.441781 0.000000 1.330411 0.342909 4.314123 
4128042206.000000 -0.301838 1.054760 2.413593 0.229879 0.939982 0.173077 1510.000000 1503.000000 1489.000000 992.000000 992.000000 992.000000 992.000000 1510.000000 1503.000000 1489.000000 0.000000 0.000000 0.000000 0.000000 0.000000 1.517054 0.931288 0.695153 4.314123 
4128143429.000000 -0.301900 1.056217 2.414613 0.910383 0.955514 0.202012 1509.000000 1504.000000 1490.000000 993.000000 993.000000 992.000000 993.000000 1509.000000 1504.000000 1490.000000 0.000000 0.000000 0.000000 0.000000 0.000000 0.000000 0.651901 0.486607 4.314123 
4128244162.000000 -0.291975 1.060492 2.416289 1.104805 0.553535 -0.109765 1510.000000 1503.000000 1489.000000 992.000000 992.000000 992.000000 992.000000 1510.000000 1503.000000 1489.000000 0.000000 0.000000 0.000000 0.000000 0.000000 0.000000 0.456331 0.340625 4.314123 
4128345087.000000 -0.304569 1.060530 2.418062 1.004399 1.072398 0.327156 1510.000000 1503.000000 1489.000000 992.000000 992.000000 992.000000 992.000000 1510.000000 1503.000000 1489.000000 0.000000 0.000000 0.000000 0.000000 0.000000 0.000000 0.319432 0.238437 4.314123 
4128445681.000000 -0.303862 1.057523 2.421500 0.494496 0.940395 -0.102838 1509.000000 1504.000000 1490.000000 992.000000 993.000000 992.000000 992.000000 1509.000000 1504.000000 1490.000000 0.000000 0.000000 0.000000 0.000000 1.441781 0.000000 0.656136 0.166906 4.314123 
4128546195.000000 -0.290853 1.054328 2.422102 0.612140 0.907735 0.215122 1509.000000 1504.000000 1490.000000 992.000000 993.000000 992.000000 992.000000 1509.000000 1504.000000 1490.000000 0.000000 0.000000 0.000000 0.000000 0.000000 1.517054 0.459295 0.571950 4.321690 
4128646366.000000 -0.282422 1.055431 2.423629 0.553249 0.884490 0.266480 1510.000000 1504.000000 1489.000000 992.000000 992.000000 992.000000 992.000000 1510.000000 1504.000000 1489.000000 0.000000 0.000000 0.000000 0.000000 0.000000 0.000000 0.321507 0.400365 4.321690 
4128746420.000000 -0.300660 1.048442 2.425866 0.787709 0.525494 -0.068318 1509.000000 1504.000000 1489.000000 992.000000 993.000000 992.000000 992.000000 1509.000000 1504.000000 1489.000000 0.000000 0.000000 0.000000 0.000000 2.359667 0.000000 0.932955 0.280256 4.321690 
4128846823.000000 -0.286660 1.058361 2.432330 0.881991 0.894853 0.060128 1509.000000 1504.000000 1490.000000 992.000000 993.000000 992.000000 992.000000 1509.000000 1504.000000 1490.000000 0.000000 0.000000 0.000000 0.000000 3.021849 2.406398 1.559623 0.918098 4.321690 
4128946988.000000 -0.289712 1.055598 2.437547 0.239717 0.888246 0.067942 1510.000000 1503.000000 1489.000000 992.000000 992.000000 992.000000 992.000000 1510.000000 1503.000000 1489.000000 0.000000 0.000000 0.000000 0.000000 0.000000 0.000000 1.091736 0.642669 4.321690 
4129047424.000000 -0.279816 1.068810 2.452108 0.677463 1.448501 0.214764 1510.000000 1504.000000 1490.000000 992.000000 992.000000 992.000000 992.000000 1510.000000 1504.000000 1490.000000 0.000000 0.000000 0.000000 0.000000 2.359667 0.000000 1.472116 0.449868 4.321690 
4129148012.000000 -0.292599 1.067681 2.454996 1.484242 0.449792 0.024398 1510.000000 1504.000000 1490.000000 992.000000 992.000000 992.000000 992.000000 1510.000000 1504.000000 1490.000000 0.000000 0.000000 0.000000 0.000000 0.000000 0.000000 1.030481 0.314908 4.321690 
4129247975.000000 -0.290568 1.067977 2.459673 0.623024 0.953827 0.368800 1510.000000 1504.000000 1490.000000 992.000000 992.000000 992.000000 992.000000 1510.000000 1504.000000 1490.000000 0.000000 0.000000 0.000000 0.000000 0.000000 0.000000 0.721337 0.220435 4.321690 
4129347976.000000 -0.285732 1.058910 2.462050 -0.107181 1.059494 -0.055410 1510.000000 1504.000000 1490.000000 992.000000 992.000000 992.000000 992.000000 1510.000000 1504.000000 1490.000000 0.000000 0.000000 0.000000 0.000000 0.000000 2.406398 0.504936 0.876224 4.321690 
4129448593.000000 -0.285188 1.051900 2.466183 0.802665 1.191516 0.081638 1509.000000 1503.000000 1490.000000 993.000000 992.000000 992.000000 993.000000 1509.000000 1503.000000 1490.000000 0.000000 0.000000 0.000000 0.000000 1.441781 0.000000 0.785989 0.613357 4.321690 
4129549109.000000 -0.273852 1.069718 2.470342 0.949092 1.127112 0.388942 1509.000000 1504.000000 1490.000000 992.000000 993.000000 992.000000 992.000000 1509.000000 1504.000000 1490.000000 0.000000 0.000000 0.000000 0.000000 0.000000 1.517054 0.550192 0.884466 4.246017 
4129649203.000000 -0.273749 1.051420 2.472980 0.310539 1.235930 0.342159 1510.000000 1503.000000 1489.000000 992.000000 992.000000 992.000000 992.000000 1510.000000 1503.000000 1489.000000 0.000000 0.000000 0.000000 0.000000 0.000000 1.517054 0.385135 1.074242 4.246017 
4129749555.000000 -0.277858 1.073498 2.475996 -1.980496 0.616829 -0.018358 1509.000000 1503.000000 1490.000000 993.000000 993.000000 992.000000 993.000000 1509.000000 1503.000000 1490.000000 0.000000 0.000000 0.000000 0.000000 1.441781 1.517054 0.702128 1.207086 4.246017 
4129849827.000000 -0.290054 1.097243 2.480463 0.360102 1.004050 -0.184627 1510.000000 1503.000000 1489.000000 992.000000 992.000000 992.000000 992.000000 1510.000000 1503.000000 1489.000000 0.000000 0.000000 0.000000 0.000000 0.000000 1.517054 0.491490 1.300076 4.246017 
4129950402.000000 -0.277265 1.086736 2.480222 1.563335 0.852787 0.100963 1509.000000 1504.000000 1489.000000 992.000000 993.000000 992.000000 992.000000 1509.000000 1504.000000 1489.000000 0.000000 0.000000 0.000000 0.000000 0.000000 1.517054 0.344043 1.365170 4.246017 
4130050624.000000 -0.292595 1.066775 2.488334 0.823622 0.816502 0.105654 1509.000000 1504.000000 1490.000000 992.000000 993.000000 992.000000 992.000000 1509.000000 1504.000000 1490.000000 0.000000 0.000000 0.000000 0.000000 2.359667 2.406398 0.948730 1.677538 4.246017 
4130150649.000000 -0.275216 1.042191 2.490332 -0.502210 1.111118 0.401247 1510.000000 1503.000000 1489.000000 992.000000 992.000000 992.000000 992.000000 1510.000000 1503.000000 1489.000000 0.000000 0.000000 0.000000 0.000000 2.359667 2.406398 1.372011 1.896196 4.246017 
4130250812.000000 -0.272643 1.058458 2.497540 0.852615 1.266045 0.272704 1511.000000 1503.000000 1489.000000 992.000000 992.000000 992.000000 992.000000 1511.000000 1503.000000 1489.000000 0.000000 0.000000 0.000000 0.000000 2.359667 0.000000 1.668308 1.327337 4.246017 
4130351214.000000 -0.280850 1.065258 2.500175 6.853616 0.262026 -0.056568 1509.000000 1504.000000 1490.000000 992.000000 993.000000 992.000000 992.000000 1509.000000 1504.000000 1490.000000 0.000000 0.000000 0.000000 0.000000 0.000000 0.000000 1.167816 0.929136 4.246017 
4130451688.000000 -0.269460 1.057251 2.507637 -0.228111 0.920814 0.443117 1510.000000 1504.000000 1490.000000 992.000000 992.000000 992.000000 992.000000 1510.000000 1504.000000 1490.000000 0.000000 0.000000 0.000000 0.000000 2.359667 1.517054 1.525371 1.105511 4.246017 
4130551729.000000 -0.267225 1.072219 2.512261 -0.015772 1.106194 0.288511 1510.000000 1503.000000 1489.000000 992.000000 992.000000 992.000000 992.000000 1510.000000 1503.000000 1489.000000 0.000000 0.000000 0.000000 0.000000 0.000000 2.406398 1.067760 1.495777 4.092510 
4130653005.000000 -0.257759 1.027898 2.511722 -1.097396 1.815894 -0.016659 1509.000000 1504.000000 1490.000000 993.000000 992.000000 992.000000 993.000000 1509.000000 1504.000000 1490.000000 0.000000 0.000000 0.000000 0.000000 0.000000 1.517054 0.747432 1.502160 4.092510 
4130753932.000000 -0.272495 1.074817 2.515465 0.810947 1.132405 0.102711 1510.000000 1503.000000 1489.000000 992.000000 992.000000 992.000000 992.000000 1510.000000 1503.000000 1489.000000 0.000000 0.000000 0.000000 0.000000 0.000000 0.000000 0.523202 1.051512 4.092510 
4130854615.000000 -0.260245 1.042833 2.518438 0.923964 0.839396 0.216857 1509.000000 1503.000000 1489.000000 993.000000 992.000000 992.000000 993.000000 1509.000000 1503.000000 1489.000000 0.000000 0.000000 0.000000 0.000000 0.000000 0.000000 0.366242 0.736059 4.092510 
4130992897.000000 -0.248445 1.054479 2.530921 1.073995 0.875793 0.217186 1509.000000 1504.000000 1490.000000 992.000000 993.000000 992.000000 992.000000 1509.000000 1504.000000 1490.000000 0.000000 0.000000 0.000000 0.000000 0.000000 0.000000 0.256369 0.515241 4.092510 
4131093126.000000 -0.267631 1.097546 2.536147 1.201954 1.589553 0.459592 1509.000000 1503.000000 1490.000000 993.000000 992.000000 992.000000 993.000000 1509.000000 1503.000000 1490.000000 0.000000 0.000000 0.000000 0.000000 0.000000 1.517054 0.179458 0.815785 4.092510 
4131193517.000000 -0.253760 1.071314 2.540742 0.536972 1.275069 0.185539 1510.000000 1504.000000 1489.000000 992.000000 992.000000 992.000000 992.000000 1510.000000 1504.000000 1489.000000 0.000000 0.000000 0.000000 0.000000 0.000000 1.517054 0.125621 1.026166 4.092510 
4131293568.000000 -0.248531 1.066840 2.542213 1.038027 0.680929 0.083864 1509.000000 1504.000000 1489.000000 992.000000 993.000000 992.000000 992.000000 1509.000000 1504.000000 1489.000000 0.000000 0.000000 0.000000 0.000000 3.021849 0.000000 0.994489 0.718316 4.092510 
4131394001.000000 -0.257929 1.087167 2.546702 1.013949 1.238035 0.247158 1510.000000 1504.000000 1490.000000 992.000000 992.000000 992.000000 992.000000 1510.000000 1504.000000 1490.000000 0.000000 0.000000 0.000000 0.000000 0.000000 0.000000 0.696142 0.502821 4.092510 
4131500198.000000 -0.265527 1.056807 2.546175 1.015168 0.988405 0.099683 1509.000000 1504.000000 1490.000000 993.000000 992.000000 992.000000 993.000000 1509.000000 1504.000000 1490.000000 0.000000 0.000000 0.000000 0.000000 0.000000 0.000000 0.487300 0.351975 3.306561 
4131600733.000000 -0.257607 1.082516 2.549348 0.636773 0.760075 0.224299 1509.000000 1504.000000 1489.000000 992.000000 993.000000 992.000000 992.000000 1509.000000 1504.000000 1489.000000 0.000000 0.000000 0.000000 0.000000 0.000000 1.517054 0.341110 0.701499 3.306561 
4131701074.000000 -0.255113 1.073881 2.553114 0.566529 0.967216 0.239803 1509.000000 1504.000000 1490.000000 992.000000 993.000000 992.000000 992.000000 1509.000000 1504.000000 1490.000000 0.000000 0.000000 0.000000 0.000000 0.000000 0.000000 0.238777 0.491049 3.306561 
4131801410.000000 -0.273710 1.073998 2.555499 0.994114 1.129125 -0.026483 1509.000000 1504.000000 1490.000000 992.000000 993.000000 992.000000 992.000000 1509.000000 1504.000000 1490.000000 0.000000 0.000000 0.000000 0.000000 0.000000 0.000000 0.167144 0.343734 3.306561 
4131901691.000000 -0.264312 1.087020 2.559647 1.351659 0.886844 0.075481 1509.000000 1503.000000 1489.000000 993.000000 992.000000 992.000000 993.000000 1509.000000 1503.000000 1489.000000 0.000000 0.000000 0.000000 0.000000 0.000000 1.517054 0.117001 0.695730 3.306561 
4132002267.000000 -0.278421 1.098819 2.574272 0.934721 0.931778 0.221125 1510.000000 1503.000000 1489.000000 992.000000 992.000000 992.000000 992.000000 1510.000000 1503.000000 1489.000000 0.000000 0.000000 0.000000 0.000000 0.000000 1.517054 0.081900 0.942127 3.306561 
4132102687.000000 -0.270570 1.103710 2.572129 0.816293 1.071935 0.310299 1509.000000 1504.000000 1490.000000 992.000000 993.000000 992.000000 992.000000 1509.000000 1504.000000 1490.000000 0.000000 0.000000 0.000000 0.000000 0.000000 2.406398 0.057330 1.381409 3.306561 
4132202661.000000 -0.276805 1.092716 2.573974 0.787065 0.961004 0.362740 1510.000000 1503.000000 1489.000000 992.000000 992.000000 992.000000 992.000000 1510.000000 1503.000000 1489.000000 0.000000 0.000000 0.000000 0.000000 0.000000 0.000000 0.040131 0.966986 3.306561 
4132303324.000000 -0.286595 1.089687 2.577998 0.812094 1.306849 0.276359 1510.000000 1503.000000 1489.000000 992.000000 992.000000 992.000000 992.000000 1510.000000 1503.000000 1489.000000 0.000000 0.000000 0.000000 0.000000 0.000000 0.000000 0.028092 0.676890 3.306561 
4132403747.000000 -0.281031 1.102327 2.579515 0.119743 0.961399 0.052467 1510.000000 1504.000000 1490.000000 992.000000 992.000000 992.000000 992.000000 1510.000000 1504.000000 1490.000000 0.000000 0.000000 0.000000 0.000000 0.000000 2.406398 0.019664 1.195743 3.306561 
4132504299.000000 -0.280559 1.083170 2.580372 0.295500 0.903301 -0.068575 1510.000000 1503.000000 1489.000000 992.000000 992.000000 992.000000 992.000000 1510.000000 1503.000000 1489.000000 0.000000 0.000000 0.000000 0.000000 2.359667 0.000000 0.721665 0.837020 3.008168 
4132604369.000000 -0.287150 1.095041 2.580344 1.133238 0.910703 0.234885 1509.000000 1504.000000 1490.000000 993.000000 993.000000 992.000000 993.000000 1509.000000 1504.000000 1490.000000 0.000000 0.000000 0.000000 0.000000 0.000000 2.406398 0.505166 1.307833 3.008168 
4132704992.000000 -0.296765 1.087789 2.577739 0.692729 0.780441 0.075412 1509.000000 1504.000000 1490.000000 992.000000 993.000000 992.000000 992.000000 1509.000000 1504.000000 1490.000000 0.000000 0.000000 0.000000 0.000000 0.000000 0.000000 0.353616 0.915483 3.008168 
4132805002.000000 -0.290715 1.080141 2.580440 0.728795 0.973345 0.073659 1509.000000 1503.000000 1490.000000 993.000000 993.000000 992.000000 993.000000 1509.000000 1503.000000 1490.000000 0.000000 0.000000 0.000000 0.000000 2.359667 0.000000 0.955431 0.640838 3.008168 
4132905159.000000 -0.289155 1.087540 2.584259 0.537833 1.157106 -0.123265 1510.000000 1503.000000 1489.000000 992.000000 992.000000 992.000000 992.000000 1510.000000 1503.000000 1489.000000 0.000000 0.000000 0.000000 0.000000 1.441781 0.000000 1.101336 0.448587 3.008168 
4133005490.000000 -0.245114 1.094026 2.586870 1.061838 1.071447 0.234224 1510.000000 1503.000000 1490.000000 992.000000 992.000000 992.000000 992.000000 1510.000000 1503.000000 1490.000000 0.000000 0.000000 0.000000 0.000000 0.000000 1.517054 0.770935 0.769127 3.008168 
4133106093.000000 -0.256612 1.088275 2.591485 0.417432 1.329602 0.145125 1510.000000 1504.000000 1490.000000 992.000000 992.000000 992.000000 992.000000 1510.000000 1504.000000 1490.000000 0.000000 0.000000 0.000000 0.000000 1.441781 0.000000 0.972189 0.538389 3.008168 
