Wed Feb 24 19:20:47 2021
 4150665414.000000 0.089672 1.141970 1.758553 0.328828 0.911856 0.291706 1510.000000 1504.000000 1492.000000 992.000000 992.000000 992.000000 992.000000 1510.000000 1504.000000 1492.000000 0.000000 0.000000 0.000000 0.000000 0.000000 1.362355 0.680532 0.831988 5.224309 
4150765811.000000 -0.017408 1.100968 1.749783 0.065810 0.872354 0.453040 1510.000000 1504.000000 1491.000000 992.000000 992.000000 992.000000 992.000000 1510.000000 1504.000000 1491.000000 0.000000 0.000000 0.000000 0.000000 0.000000 0.000000 0.476373 0.582392 5.224309 
4150865939.000000 0.014692 1.051617 1.760750 1.339701 0.729624 0.600578 1509.000000 1504.000000 1491.000000 992.000000 993.000000 992.000000 992.000000 1509.000000 1504.000000 1491.000000 0.000000 0.000000 0.000000 0.000000 0.000000 2.311992 0.333461 1.101272 5.224309 
4150966384.000000 0.036819 1.038156 1.785051 0.170433 0.969023 0.262723 1510.000000 1504.000000 1492.000000 992.000000 992.000000 992.000000 992.000000 1510.000000 1504.000000 1492.000000 0.000000 0.000000 0.000000 0.000000 0.000000 1.362355 0.233423 1.179597 5.224309 
4151066754.000000 0.032219 1.023497 1.795111 0.837212 1.247257 0.090708 1510.000000 1504.000000 1492.000000 992.000000 992.000000 992.000000 992.000000 1510.000000 1504.000000 1492.000000 0.000000 0.000000 0.000000 0.000000 0.000000 2.311992 0.163396 1.519315 5.224309 
4151200025.000000 -0.068864 1.012563 1.802012 0.057026 1.257953 0.255128 1509.000000 1504.000000 1492.000000 993.000000 993.000000 992.000000 993.000000 1509.000000 1504.000000 1492.000000 0.000000 0.000000 0.000000 0.000000 0.000000 0.000000 0.114377 1.063521 5.224309 
4151300202.000000 -0.113566 1.012941 1.817442 1.300392 1.108791 0.118765 1509.000000 1505.000000 1492.000000 992.000000 993.000000 992.000000 992.000000 1509.000000 1505.000000 1492.000000 0.000000 0.000000 0.000000 0.000000 1.362355 0.000000 0.488770 0.744465 5.595065 
4151400100.000000 -0.093837 1.007087 1.826055 0.263559 0.783301 0.048649 1509.000000 1504.000000 1491.000000 992.000000 993.000000 992.000000 992.000000 1509.000000 1504.000000 1491.000000 0.000000 0.000000 0.000000 0.000000 0.000000 1.362355 0.342139 0.929832 5.595065 
4151500298.000000 -0.098564 1.012954 1.833176 0.738776 0.991723 0.142857 1510.000000 1504.000000 1492.000000 992.000000 992.000000 992.000000 992.000000 1510.000000 1504.000000 1492.000000 0.000000 0.000000 0.000000 0.000000 1.362355 0.000000 0.648204 0.650882 5.595065 
4151600797.000000 -0.133272 1.015689 1.835188 0.967599 0.941786 0.171242 1509.000000 1504.000000 1491.000000 992.000000 993.000000 992.000000 992.000000 1509.000000 1504.000000 1491.000000 0.000000 0.000000 0.000000 0.000000 2.311992 0.000000 1.147340 0.455617 5.595065 
4151706482.000000 -0.127010 1.007728 1.842661 0.861169 0.797271 0.159087 1509.000000 1504.000000 1492.000000 993.000000 992.000000 992.000000 993.000000 1509.000000 1504.000000 1492.000000 0.000000 0.000000 0.000000 0.000000 0.000000 1.362355 0.803138 0.727639 5.595065 
4151806555.000000 -0.119097 0.999793 1.856979 0.644968 0.889852 0.290481 1509.000000 1504.000000 1492.000000 992.000000 993.000000 992.000000 992.000000 1509.000000 1504.000000 1492.000000 0.000000 0.000000 0.000000 0.000000 0.000000 0.000000 0.562197 0.509347 5.595065 
4151906854.000000 -0.123033 1.013857 1.865689 0.433932 0.809984 0.033035 1510.000000 1504.000000 1492.000000 992.000000 992.000000 992.000000 992.000000 1510.000000 1504.000000 1492.000000 0.000000 0.000000 0.000000 0.000000 1.362355 0.000000 0.802244 0.356543 5.595065 
4152006845.000000 -0.110665 1.006259 1.875419 1.458127 0.807216 0.304869 1509.000000 1504.000000 1491.000000 992.000000 993.000000 992.000000 992.000000 1509.000000 1504.000000 1491.000000 0.000000 0.000000 0.000000 0.000000 1.362355 2.311992 0.970277 0.943178 5.595065 
4152107226.000000 -0.138705 0.990222 1.877635 -1.962908 -0.495851 0.224270 1510.000000 1504.000000 1492.000000 992.000000 992.000000 992.000000 992.000000 1510.000000 1504.000000 1492.000000 0.000000 0.000000 0.000000 0.000000 0.000000 1.362355 0.679194 1.068931 5.595065 
4152214040.000000 -0.213849 0.992207 1.889977 0.328295 1.112849 0.288501 1509.000000 1505.000000 1492.000000 992.000000 993.000000 992.000000 992.000000 1509.000000 1505.000000 1492.000000 0.000000 0.000000 0.000000 0.000000 0.000000 0.000000 0.475436 0.748252 5.982021 
4152314421.000000 -0.184756 0.979167 1.900290 0.756856 1.243342 0.106431 1510.000000 1504.000000 1491.000000 992.000000 992.000000 992.000000 992.000000 1510.000000 1504.000000 1491.000000 0.000000 0.000000 0.000000 0.000000 2.311992 1.362355 1.026403 0.932482 5.982021 
4152414728.000000 -0.169951 0.982392 1.904801 0.082325 0.660631 0.025619 1510.000000 1504.000000 1491.000000 992.000000 992.000000 992.000000 992.000000 1510.000000 1504.000000 1491.000000 0.000000 0.000000 0.000000 0.000000 0.000000 0.000000 0.718482 0.652738 5.982021 
4152515176.000000 -0.180082 0.976486 1.909425 0.562963 0.822359 0.208419 1509.000000 1504.000000 1491.000000 992.000000 993.000000 992.000000 992.000000 1509.000000 1504.000000 1491.000000 0.000000 0.000000 0.000000 0.000000 0.000000 2.311992 0.502937 1.150514 5.982021 
4152615413.000000 -0.176754 0.971276 1.919936 0.823270 0.938661 0.226566 1509.000000 1504.000000 1491.000000 992.000000 993.000000 992.000000 992.000000 1509.000000 1504.000000 1491.000000 0.000000 0.000000 0.000000 0.000000 2.311992 1.362355 1.045654 1.214066 5.982021 
4152715592.000000 -0.153038 0.989047 1.913074 0.703616 1.291128 0.304330 1510.000000 1504.000000 1491.000000 992.000000 992.000000 992.000000 992.000000 1510.000000 1504.000000 1491.000000 0.000000 0.000000 0.000000 0.000000 0.000000 0.000000 0.731958 0.849846 5.982021 
4152816075.000000 -0.152403 0.984850 1.920994 0.696851 0.989274 0.181959 1509.000000 1504.000000 1492.000000 992.000000 993.000000 992.000000 992.000000 1509.000000 1504.000000 1492.000000 0.000000 0.000000 0.000000 0.000000 1.362355 1.362355 0.921077 1.003599 5.982021 
4152916320.000000 -0.155840 0.984861 1.928137 0.575676 1.331839 0.281304 1510.000000 1504.000000 1491.000000 992.000000 992.000000 992.000000 992.000000 1510.000000 1504.000000 1491.000000 0.000000 0.000000 0.000000 0.000000 2.984770 2.311992 1.540185 1.396117 5.982021 
4153016784.000000 -0.164554 0.978551 1.934243 0.864387 0.875013 0.362819 1510.000000 1504.000000 1492.000000 992.000000 992.000000 992.000000 992.000000 1510.000000 1504.000000 1492.000000 0.000000 0.000000 0.000000 0.000000 1.362355 0.000000 1.486836 0.977282 5.982021 
4153116957.000000 -0.165541 0.981449 1.943478 0.673015 1.192118 0.321160 1510.000000 1504.000000 1492.000000 992.000000 992.000000 992.000000 992.000000 1510.000000 1504.000000 1492.000000 0.000000 0.000000 0.000000 0.000000 0.000000 0.000000 1.040785 0.684097 5.982021 
4153216951.000000 -0.157797 0.982642 1.957954 0.456704 0.950536 0.242863 1509.000000 1504.000000 1491.000000 992.000000 993.000000 992.000000 992.000000 1509.000000 1504.000000 1491.000000 0.000000 0.000000 0.000000 0.000000 0.000000 1.362355 0.728549 0.887574 6.277093 
4153317410.000000 -0.170520 0.979867 1.965301 1.086310 1.047694 0.191557 1510.000000 1504.000000 1492.000000 992.000000 992.000000 992.000000 992.000000 1510.000000 1504.000000 1492.000000 0.000000 0.000000 0.000000 0.000000 0.000000 0.000000 0.509985 0.621302 6.277093 
4153418297.000000 -0.164561 0.984483 1.973307 0.835709 1.199472 0.125365 1510.000000 1504.000000 1492.000000 992.000000 992.000000 992.000000 992.000000 1510.000000 1504.000000 1492.000000 0.000000 0.000000 0.000000 0.000000 1.362355 1.362355 0.765696 0.843618 6.277093 
4153518978.000000 -0.165873 0.980078 1.980972 0.474565 1.336165 0.451169 1509.000000 1504.000000 1491.000000 992.000000 993.000000 992.000000 992.000000 1509.000000 1504.000000 1491.000000 0.000000 0.000000 0.000000 0.000000 0.000000 2.311992 0.535987 1.284130 6.277093 
4153619182.000000 -0.171540 0.982704 1.986547 0.977756 1.088218 0.073259 1510.000000 1504.000000 1492.000000 992.000000 992.000000 992.000000 992.000000 1510.000000 1504.000000 1492.000000 0.000000 0.000000 0.000000 0.000000 0.000000 2.311992 0.375191 1.592489 6.277093 
4153720097.000000 -0.159852 1.003681 1.991471 1.400861 1.383754 0.458488 1509.000000 1504.000000 1491.000000 992.000000 993.000000 992.000000 992.000000 1509.000000 1504.000000 1491.000000 0.000000 0.000000 0.000000 0.000000 0.000000 0.000000 0.262634 1.114742 6.277093 
