Mon May  3 18:07:41 2021
 3599815561.000000 0.119589 0.086321 -0.003463 0.450555 -0.256864 -0.953786 0.000000 0.000000 3000.000000 0.000000 0.000000 992.000000 0.000000 0.000000 0.000000 3000.000000 -99.000000 -99.000000 -99.000000 0.000000 94.154472 30.105330 28.246344 9.031599 -0.104952 
3599916182.000000 0.221527 0.152516 -0.004631 0.302001 -0.155301 -0.909956 0.000000 0.000000 3000.000000 0.000000 0.000000 992.000000 0.000000 0.000000 0.000000 3000.000000 -99.000000 -99.000000 -99.000000 0.000000 94.118568 30.105330 48.008011 15.353718 -0.104952 
3600016539.000000 0.308619 0.217329 -0.002072 0.348667 -0.313671 -1.043177 0.000000 0.000000 3000.000000 0.000000 0.000000 992.000000 0.000000 0.000000 0.000000 3000.000000 -99.000000 -99.000000 -99.000000 0.000000 94.100418 30.105330 61.835732 19.779202 -0.104952 
3600117036.000000 0.387724 0.278343 -0.004814 0.477593 -0.307454 -0.970635 0.000000 0.000000 3000.000000 0.000000 0.000000 992.000000 0.000000 0.000000 0.000000 3000.000000 -99.000000 -99.000000 -99.000000 0.000000 94.100418 30.105330 71.515137 22.877041 -0.104952 
3600261904.000000 0.497751 0.320963 -0.008301 0.486635 -0.248092 -0.888053 0.000000 0.000000 3000.000000 0.000000 0.000000 992.000000 0.000000 0.000000 0.000000 3000.000000 -99.000000 -99.000000 -99.000000 0.000000 94.118568 30.105330 78.296165 25.045527 -0.104952 
3600362252.000000 0.562730 0.373543 -0.008117 0.473143 -0.343883 -0.718432 0.000000 0.000000 3000.000000 0.000000 0.000000 992.000000 0.000000 0.000000 0.000000 3000.000000 -99.000000 -99.000000 -99.000000 0.000000 94.100418 30.105330 83.037445 26.563467 -0.104952 
3600462351.000000 0.619666 0.418708 -0.009801 0.392114 -0.259107 -0.861033 0.000000 0.000000 3000.000000 0.000000 0.000000 992.000000 0.000000 0.000000 0.000000 3000.000000 -99.000000 -99.000000 -99.000000 0.000000 94.118568 30.105330 86.361778 27.626026 -0.104952 
3600562925.000000 0.671231 0.456772 -0.012969 0.319373 -0.229502 -0.960831 0.000000 0.000000 3000.000000 0.000000 0.000000 992.000000 0.000000 0.000000 0.000000 3000.000000 -99.000000 -99.000000 -99.000000 0.000000 94.136711 30.105330 88.694260 28.369818 -0.104952 
3600663467.000000 0.718883 0.495395 -0.015165 0.327700 -0.149775 -0.709368 0.000000 0.000000 3000.000000 0.000000 0.000000 992.000000 0.000000 0.000000 0.000000 3000.000000 -99.000000 -99.000000 -99.000000 0.000000 94.118568 30.105330 90.321548 28.890471 -0.104952 
3600763711.000000 0.757943 0.525494 -0.015558 0.280513 -0.233147 -0.772379 0.000000 0.000000 3000.000000 0.000000 0.000000 992.000000 0.000000 0.000000 0.000000 3000.000000 0.000000 0.000000 0.000000 0.000000 94.118568 30.105330 91.460655 29.254929 -0.911063 
3600863907.000000 0.793703 0.558179 -0.017694 0.354998 -0.095626 -1.028411 0.000000 0.000000 3000.000000 0.000000 0.000000 992.000000 0.000000 0.000000 0.000000 3000.000000 0.000000 0.000000 0.000000 0.000000 94.100418 30.105330 92.252586 29.510048 -0.911063 
3600964405.000000 0.830863 0.586035 -0.019044 0.397066 -0.393526 -0.722655 0.000000 0.000000 3000.000000 0.000000 0.000000 992.000000 0.000000 0.000000 0.000000 3000.000000 0.000000 0.000000 0.000000 0.000000 94.100418 30.105330 92.806938 29.688633 -0.911063 
3601064550.000000 0.860874 0.616284 -0.018981 0.268325 -0.159812 -1.017992 0.000000 0.000000 3000.000000 0.000000 0.000000 992.000000 0.000000 0.000000 0.000000 3000.000000 0.000000 0.000000 0.000000 0.000000 94.118568 30.105330 93.200432 29.813643 -0.911063 
3601164425.000000 0.891679 0.637372 -0.016638 0.521905 -0.104341 -1.100947 0.000000 0.000000 3000.000000 0.000000 0.000000 992.000000 0.000000 0.000000 0.000000 3000.000000 0.000000 0.000000 0.000000 0.000000 94.118568 30.105330 93.475876 29.901148 -0.911063 
3601273029.000000 0.928408 0.681092 -0.001433 0.446247 -0.136293 -0.763791 0.000000 0.000000 3000.000000 0.000000 0.000000 992.000000 0.000000 0.000000 0.000000 3000.000000 0.000000 0.000000 0.000000 0.000000 94.100418 30.105330 93.663239 29.962402 -0.911063 
3601373238.000000 0.951380 0.696916 -0.002572 0.348770 -0.442539 -0.858215 0.000000 0.000000 3000.000000 0.000000 0.000000 992.000000 0.000000 0.000000 0.000000 3000.000000 0.000000 0.000000 0.000000 0.000000 94.118568 30.105330 93.799835 30.005280 -0.911063 
3601473721.000000 0.972717 0.712992 -0.004381 0.493666 -0.215160 -0.816522 0.000000 0.000000 3000.000000 0.000000 0.000000 992.000000 0.000000 0.000000 0.000000 3000.000000 0.000000 0.000000 0.000000 0.000000 94.118568 30.105330 93.895454 30.035294 -0.911063 
3601573772.000000 0.988752 0.722339 -0.005029 0.371241 -0.277143 -0.691128 0.000000 0.000000 3000.000000 0.000000 0.000000 992.000000 0.000000 0.000000 0.000000 3000.000000 0.000000 0.000000 0.000000 0.000000 94.100418 30.105330 93.956940 30.056305 -0.911063 
3601674249.000000 0.997756 0.734857 -0.005921 0.375253 -0.160191 -0.884231 0.000000 0.000000 3000.000000 0.000000 0.000000 992.000000 0.000000 0.000000 0.000000 3000.000000 0.000000 0.000000 0.000000 0.000000 94.100418 30.105330 93.999985 30.071012 -0.911063 
3601774256.000000 1.012268 0.744169 -0.007088 0.417479 -0.205020 -0.796250 0.000000 0.000000 3000.000000 0.000000 0.000000 992.000000 0.000000 0.000000 0.000000 3000.000000 0.000000 0.000000 0.000000 0.000000 94.118568 30.105330 94.035561 30.081308 -0.766608 
3601874796.000000 1.025849 0.752176 -0.009508 0.274896 -0.234195 -0.865853 0.000000 0.000000 3000.000000 0.000000 0.000000 992.000000 0.000000 0.000000 0.000000 3000.000000 0.000000 0.000000 0.000000 0.000000 94.118568 30.105330 94.060463 30.088514 -0.766608 
3601974986.000000 1.041040 0.761886 -0.011453 0.159634 -0.461729 -0.980937 0.000000 0.000000 3000.000000 0.000000 0.000000 992.000000 0.000000 0.000000 0.000000 3000.000000 0.000000 0.000000 0.000000 0.000000 94.100418 30.105330 94.072449 30.093559 -0.766608 
3602075413.000000 1.053328 0.772870 -0.010460 0.445780 -0.271337 -1.009686 0.000000 0.000000 3000.000000 0.000000 0.000000 992.000000 0.000000 0.000000 0.000000 3000.000000 0.000000 0.000000 0.000000 0.000000 94.118568 30.105330 94.086288 30.097090 -0.766608 
3602175681.000000 1.060854 0.778865 -0.011031 0.164188 -0.154415 -1.026374 0.000000 0.000000 3000.000000 0.000000 0.000000 992.000000 0.000000 0.000000 0.000000 3000.000000 0.000000 0.000000 0.000000 0.000000 94.118568 30.105330 94.095970 30.099562 -0.766608 
3602276252.000000 1.085931 0.781489 -0.016656 0.150283 -0.072592 -0.837913 0.000000 0.000000 3000.000000 0.000000 0.000000 992.000000 0.000000 0.000000 0.000000 3000.000000 0.000000 0.000000 0.000000 0.000000 94.100418 30.105330 94.097305 30.101292 -0.766608 
3602376498.000000 1.093221 0.786472 -0.018095 0.272401 -0.053967 -0.798371 0.000000 0.000000 3000.000000 0.000000 0.000000 992.000000 0.000000 0.000000 0.000000 3000.000000 0.000000 0.000000 0.000000 0.000000 94.100418 30.105330 94.098236 30.102503 -0.766608 
3602476790.000000 1.099341 0.792154 -0.019978 0.190790 -0.226396 -0.917882 0.000000 0.000000 3000.000000 0.000000 0.000000 992.000000 0.000000 0.000000 0.000000 3000.000000 0.000000 0.000000 0.000000 0.000000 94.100418 30.105330 94.098892 30.103352 -0.766608 
3602577235.000000 1.101203 0.796737 -0.018404 0.291877 -0.263670 -0.921500 0.000000 0.000000 3000.000000 0.000000 0.000000 992.000000 0.000000 0.000000 0.000000 3000.000000 0.000000 0.000000 0.000000 0.000000 94.100418 30.105330 94.099350 30.103945 -0.766608 
3602677715.000000 1.109325 0.801940 -0.020413 0.427470 -0.223652 -0.826671 0.000000 0.000000 3000.000000 0.000000 0.000000 992.000000 0.000000 0.000000 0.000000 3000.000000 0.000000 0.000000 0.000000 0.000000 94.118568 30.105330 94.105118 30.104361 -0.766608 
